0 0.127025 0.579441 0.014547 0.019150
0 0.443827 0.809826 0.011037 0.020072
0 0.119465 0.727288 0.010431 0.021793
0 0.471754 0.972812 0.011798 0.021263
0 0.344127 0.921600 0.011885 0.020985
0 0.424123 0.804183 0.013038 0.026371
0 0.443490 0.844083 0.012634 0.020605
0 0.392202 0.429412 0.015547 0.028340
0 0.564393 0.645983 0.016938 0.025488
0 0.586439 0.556515 0.015273 0.030849
0 0.273668 0.642331 0.014385 0.026794
0 0.477540 0.498854 0.013013 0.022272
0 0.017095 0.753426 0.013209 0.025314
0 0.096720 0.790514 0.015620 0.027598
0 0.088171 0.761433 0.014499 0.027280
0 0.073881 0.898650 0.014190 0.025348
0 0.644336 0.686452 0.020440 0.040865
0 0.566838 0.980938 0.016146 0.025837
0 0.661603 0.665664 0.019695 0.035718
0 0.556305 0.903632 0.020058 0.036087