0 0.786262 0.980120 0.037054 0.039718
0 0.992591 0.891111 0.014766 0.036566
0 0.679254 0.848481 0.061286 0.064383
0 0.034628 0.961045 0.031155 0.053227
0 0.689829 0.665569 0.030277 0.047132
0 0.823367 0.559764 0.045733 0.081400
0 0.499154 0.703376 0.022063 0.040510
0 0.693474 0.721146 0.026452 0.040121
0 0.855779 0.954664 0.031595 0.042296
0 0.188907 0.716432 0.022564 0.047936
0 0.726517 0.825695 0.023802 0.049123
0 0.795560 0.709005 0.033904 0.040476
0 0.350897 0.919469 0.026893 0.034763
0 0.712249 0.906071 0.064469 0.081475
0 0.951976 0.645851 0.031428 0.041770
0 0.748232 0.982032 0.042874 0.035936
0 0.803894 0.733744 0.050930 0.085902
0 0.937819 0.940972 0.031021 0.066643
0 0.428141 0.948025 0.034414 0.044335
0 0.365325 0.853550 0.040116 0.065114
0 0.896480 0.152202 0.059342 0.071175
0 0.572034 0.597395 0.025337 0.034322
0 0.435846 0.591188 0.019003 0.033591
0 0.135893 0.844751 0.024191 0.032615
0 0.175664 0.863894 0.022551 0.038287
0 0.198009 0.866730 0.021321 0.032615
0 0.157623 0.974134 0.035671 0.051733
0 0.274476 0.879493 0.020091 0.042541
0 0.307482 0.845105 0.031161 0.048922