0 0.829559 0.382372 0.028913 0.053252
0 0.068440 0.962636 0.021203 0.037688
0 0.679962 0.095068 0.058008 0.094246
0 0.608303 0.410325 0.025787 0.043493
0 0.273091 0.572926 0.020821 0.036748
0 0.775118 0.678011 0.024860 0.055047
0 0.463769 0.275783 0.021117 0.044121
0 0.798597 0.161800 0.027656 0.064582
0 0.773068 0.466086 0.024560 0.043814
0 0.395233 0.117946 0.025524 0.048780
0 0.950712 0.912965 0.023061 0.049011
0 0.396739 0.301461 0.022337 0.041774
0 0.705489 0.295743 0.023872 0.059617
0 0.237371 0.596630 0.026639 0.051280
0 0.987217 0.019397 0.024862 0.038794
0 0.298641 0.132061 0.020915 0.045318
0 0.799186 0.304228 0.035739 0.070279
0 0.912482 0.432978 0.023320 0.047798
0 0.661635 0.398140 0.021449 0.048038
0 0.751069 0.512327 0.025513 0.048246
0 0.797480 0.538100 0.030794 0.075283
0 0.259924 0.449884 0.031213 0.061102
0 0.581348 0.440581 0.039492 0.075649
0 0.532655 0.171481 0.036875 0.083251
0 0.788980 0.014787 0.039034 0.029575
0 0.603874 0.251394 0.024830 0.050288
0 0.278452 0.823943 0.034253 0.059678
0 0.351608 0.417223 0.024263 0.045094
0 0.667312 0.479610 0.024254 0.051517
0 0.203229 0.694513 0.031068 0.053814
0 0.743520 0.572077 0.040254 0.058711
0 0.592188 0.095589 0.039971 0.071892
0 0.877278 0.356421 0.048688 0.091726
0 0.795980 0.964541 0.043444 0.066232
0 0.882369 0.025783 0.028446 0.048688
0 0.512962 0.966086 0.031696 0.055517
0 0.082740 0.697001 0.040809 0.059303
0 0.318092 0.974992 0.042731 0.049044
0 0.771923 0.169521 0.030983 0.060502