0 0.053212 0.789769 0.018559 0.024291
0 0.435110 0.861341 0.014314 0.020346
0 0.292373 0.529012 0.012933 0.019461
0 0.585404 0.831713 0.016111 0.020337
0 0.378989 0.739528 0.015862 0.018823
0 0.217220 0.667438 0.013441 0.019254
0 0.855016 0.870702 0.016432 0.029050
0 0.327026 0.596118 0.012984 0.018851
0 0.386865 0.947130 0.015100 0.019318
0 0.351283 0.935332 0.017753 0.021772
0 0.261928 0.939741 0.015022 0.021306
0 0.403906 0.569015 0.015684 0.022588
0 0.289480 0.670215 0.013423 0.019431
0 0.370584 0.204274 0.025331 0.029090
0 0.144295 0.813418 0.027615 0.032321
0 0.201721 0.717141 0.018261 0.028181
0 0.500061 0.718189 0.019574 0.025157