0 0.206897 0.831583 0.016465 0.029501
0 0.328242 0.472072 0.026200 0.035411
0 0.686846 0.853918 0.025148 0.036973
0 0.288991 0.521028 0.025211 0.037579
0 0.928135 0.152777 0.017124 0.032043
0 0.321404 0.688135 0.020005 0.035569
0 0.045842 0.730693 0.017400 0.035558
0 0.012150 0.656543 0.015294 0.035058
0 0.133778 0.499618 0.018962 0.036258
0 0.333874 0.014414 0.027337 0.028828
0 0.117519 0.078240 0.017159 0.030319
0 0.133323 0.905397 0.024574 0.033336
0 0.456039 0.456750 0.038973 0.042117
0 0.848411 0.328945 0.021853 0.034900
0 0.070054 0.464660 0.021426 0.034918
0 0.740039 0.045858 0.031679 0.043304
0 0.358730 0.316385 0.038469 0.068444