0 0.460326 0.567446 0.026453 0.057665
0 0.095233 0.123510 0.018329 0.035071
0 0.408856 0.063503 0.019313 0.044684
0 0.942547 0.495964 0.031146 0.055840
0 0.545290 0.232919 0.028105 0.061954
0 0.366261 0.033870 0.028305 0.037968
0 0.610291 0.029919 0.021213 0.036943
0 0.997649 0.132252 0.004702 0.065999
0 0.893643 0.318608 0.031598 0.056483
0 0.912934 0.364414 0.029128 0.051691
0 0.954051 0.164971 0.034067 0.070052
0 0.314944 0.257873 0.029980 0.035348
0 0.235735 0.538891 0.031684 0.067162
0 0.261116 0.552147 0.034750 0.053611
0 0.491590 0.639633 0.036453 0.057735