0 0.687148 0.007222 0.015255 0.014237
0 0.368510 0.058359 0.011792 0.019689
0 0.742935 0.249190 0.012877 0.018734
0 0.259095 0.093905 0.015812 0.021549
0 0.253902 0.153346 0.013466 0.021876
0 0.817923 0.428132 0.017668 0.020769
0 0.462243 0.007033 0.015005 0.014056
0 0.843298 0.355061 0.016222 0.022601
0 0.586418 0.129222 0.016484 0.022582
0 0.882215 0.208036 0.013734 0.021137
0 0.786569 0.497136 0.014313 0.022575
0 0.994751 0.166064 0.010499 0.020538
0 0.451875 0.290473 0.018667 0.028452
0 0.646308 0.225566 0.014711 0.021920
0 0.779021 0.628314 0.022647 0.031234
0 0.954796 0.193700 0.018454 0.021389
0 0.373568 0.220862 0.016535 0.022736
0 0.676422 0.087551 0.016126 0.022708
0 0.439555 0.086212 0.014567 0.019441
0 0.801930 0.358337 0.015498 0.020974
0 0.757123 0.417325 0.016052 0.023340
0 0.668293 0.157229 0.015396 0.021303