0 0.885192 0.419760 0.018056 0.028351
0 0.753283 0.542200 0.015832 0.020451
0 0.914044 0.434130 0.014880 0.023740
0 0.867694 0.270530 0.014580 0.022147
0 0.951645 0.286284 0.024367 0.023923
0 0.737059 0.545090 0.015732 0.022285
0 0.918390 0.374953 0.016179 0.022374
0 0.873755 0.568876 0.016818 0.022183
0 0.728411 0.322870 0.018136 0.021588
0 0.773793 0.762009 0.018190 0.021602
0 0.760308 0.777215 0.019674 0.023513
0 0.861672 0.236318 0.014770 0.021861
0 0.870627 0.694411 0.017212 0.024058
0 0.770037 0.205139 0.016186 0.022378
0 0.881101 0.038201 0.014690 0.019282
0 0.791792 0.234151 0.019007 0.025141
0 0.857042 0.617265 0.015640 0.022077
0 0.922236 0.615718 0.021283 0.027180
0 0.782964 0.182904 0.016139 0.021337
0 0.807692 0.599335 0.018627 0.023886
0 0.928663 0.547141 0.020712 0.025354
0 0.501190 0.276241 0.013262 0.021273
0 0.674165 0.257989 0.016175 0.022984
0 0.919278 0.094513 0.013447 0.020681
0 0.897578 0.307044 0.017036 0.027992
0 0.796363 0.560501 0.016799 0.022788
0 0.518883 0.422242 0.015423 0.022981
0 0.851098 0.739372 0.019424 0.023606
0 0.689105 0.044295 0.021836 0.028360
0 0.808377 0.090393 0.016034 0.021267
0 0.983659 0.620574 0.019451 0.023975
0 0.757942 0.523028 0.019189 0.026876
0 0.970018 0.498891 0.019996 0.022968
0 0.975260 0.145548 0.015629 0.020621
0 0.497427 0.169264 0.017256 0.022597
0 0.896350 0.075405 0.021981 0.029837
0 0.711124 0.344111 0.018058 0.026916
0 0.340850 0.688450 0.025429 0.031118
0 0.742106 0.096074 0.017499 0.024643
0 0.476418 0.276950 0.018676 0.025444
0 0.389391 0.354568 0.017424 0.022650
0 0.733935 0.051879 0.024982 0.040513
0 0.965111 0.093472 0.023332 0.029443
0 0.561351 0.527050 0.018375 0.027895
0 0.670678 0.312816 0.019460 0.026932
0 0.738807 0.486319 0.020788 0.028432
0 0.523835 0.187897 0.021170 0.035213
0 0.661107 0.450435 0.019941 0.026609
0 0.645132 0.629478 0.023265 0.028274
0 0.490418 0.203623 0.021903 0.025183