0 0.312319 0.130207 0.020386 0.026646
0 0.023584 0.287991 0.014835 0.021683
0 0.451804 0.773916 0.013721 0.019394
0 0.259416 0.565326 0.015475 0.022698
0 0.546639 0.839603 0.028627 0.035602
0 0.643867 0.973687 0.019258 0.030140
0 0.546795 0.704055 0.023755 0.031648
0 0.703831 0.637356 0.017638 0.024620
0 0.152184 0.985062 0.023609 0.029790
0 0.429010 0.620530 0.017000 0.026061
0 0.426082 0.373072 0.017141 0.028945
0 0.219347 0.660771 0.017289 0.025383
0 0.709067 0.827591 0.021437 0.029660
0 0.264903 0.084793 0.014670 0.022822
0 0.311070 0.656004 0.018548 0.025379
0 0.061808 0.883355 0.029192 0.039821
0 0.300116 0.703661 0.019989 0.023166
0 0.377186 0.386627 0.026696 0.033282
0 0.836064 0.614335 0.018824 0.027936
0 0.154165 0.466899 0.020567 0.028830
0 0.399313 0.214396 0.021211 0.033198