0 0.194786 0.063055 0.014199 0.022370
0 0.601228 0.710783 0.012524 0.019936
0 0.391755 0.211872 0.015240 0.027330
0 0.481335 0.415298 0.016419 0.025213
0 0.673932 0.577730 0.015158 0.021753
0 0.412798 0.360267 0.014971 0.024119
0 0.366709 0.053557 0.016491 0.023777
0 0.421386 0.040584 0.016261 0.019846
0 0.355713 0.846559 0.017191 0.024043
0 0.221152 0.162364 0.013317 0.021083
0 0.622632 0.815777 0.012978 0.018814
0 0.405924 0.823793 0.020366 0.029407
0 0.428119 0.942199 0.014612 0.021778
0 0.727949 0.837483 0.017518 0.026479
0 0.272163 0.611278 0.014370 0.020803
0 0.368924 0.678568 0.014715 0.024580
0 0.206212 0.688548 0.021674 0.026075
0 0.661501 0.806717 0.015812 0.023087
0 0.139716 0.048675 0.017385 0.025359
0 0.328276 0.646550 0.018596 0.025051
0 0.721036 0.721655 0.016705 0.025146
0 0.633681 0.899776 0.013893 0.020221
0 0.669252 0.547732 0.018425 0.026446
0 0.633187 0.724431 0.016005 0.023038
0 0.572041 0.751130 0.015972 0.027477
0 0.708155 0.541559 0.014289 0.021215
0 0.518014 0.393646 0.015972 0.022432
0 0.515430 0.282942 0.022878 0.029795