0 0.167366 0.930804 0.014276 0.021302
0 0.365632 0.504521 0.019287 0.027865
0 0.291676 0.111510 0.014959 0.020353
0 0.502582 0.718573 0.015233 0.022229
0 0.237544 0.856991 0.016334 0.023101
0 0.319475 0.215689 0.015507 0.022966
0 0.602743 0.904613 0.014328 0.020604
0 0.277969 0.372070 0.012436 0.019683
0 0.157562 0.472565 0.012680 0.020277
0 0.374303 0.148037 0.014951 0.022084
0 0.586339 0.773804 0.013912 0.022216
0 0.434695 0.401203 0.014958 0.020180
0 0.525141 0.834081 0.017427 0.021344
0 0.362884 0.222265 0.015794 0.022057
0 0.869111 0.724053 0.017555 0.020964
0 0.286824 0.432271 0.014714 0.020190
0 0.026092 0.901938 0.016708 0.021407
0 0.585095 0.535505 0.014854 0.021966
0 0.838535 0.616532 0.016827 0.024727
0 0.931076 0.391958 0.027682 0.032382
0 0.463587 0.090201 0.016582 0.022255
0 0.807219 0.394268 0.035074 0.038125
0 0.631374 0.206106 0.025182 0.027400
0 0.547191 0.947496 0.027243 0.029104
0 0.446549 0.860386 0.021489 0.025212
0 0.831110 0.511124 0.027816 0.025547
0 0.745007 0.635813 0.021862 0.028314
0 0.971213 0.686258 0.017971 0.025213
0 0.131768 0.565738 0.015639 0.021082
0 0.454933 0.319664 0.015483 0.024582
0 0.734314 0.462139 0.018538 0.025801