0 0.062849 0.368059 0.012097 0.016460
0 0.731234 0.651858 0.013010 0.018153
0 0.404973 0.059354 0.013302 0.017636
0 0.029211 0.587710 0.012974 0.017455
0 0.111201 0.268199 0.011552 0.017531
0 0.055322 0.262876 0.010474 0.018523
0 0.291973 0.641295 0.017114 0.021954
0 0.036529 0.496490 0.012528 0.017071
0 0.719454 0.367349 0.013626 0.018517
0 0.089081 0.153263 0.016499 0.021120
0 0.169695 0.061279 0.014775 0.019496
0 0.301065 0.600937 0.017527 0.021149
0 0.723345 0.118896 0.015163 0.023581
0 0.912997 0.553374 0.015736 0.021671
0 0.733797 0.149088 0.014237 0.019590
0 0.214929 0.152876 0.014571 0.020674