0 0.653219 0.115578 0.011025 0.015666
0 0.346238 0.623868 0.011677 0.015963
0 0.364261 0.744775 0.014105 0.018943
0 0.537056 0.215459 0.011572 0.013602
0 0.493097 0.553301 0.011239 0.013812
0 0.459971 0.209171 0.012996 0.015662
0 0.466637 0.321378 0.019092 0.023723
0 0.390950 0.679453 0.014104 0.016297
0 0.599427 0.451356 0.013870 0.015060
0 0.668613 0.475563 0.017369 0.020772
0 0.731600 0.262500 0.017843 0.026307
0 0.340218 0.534033 0.017976 0.020049
0 0.469133 0.677200 0.013864 0.014059
0 0.375747 0.386551 0.022187 0.022113
0 0.300924 0.486606 0.014195 0.019049
0 0.396138 0.460349 0.027604 0.021646
0 0.517468 0.260638 0.013319 0.015559
0 0.633811 0.424333 0.015238 0.023054
0 0.517474 0.687693 0.012347 0.014595
0 0.397435 0.779555 0.014308 0.016483
0 0.992645 0.582616 0.014709 0.032319
0 0.542818 0.182510 0.014398 0.018263
0 0.387748 0.834972 0.014517 0.025243
0 0.370149 0.897948 0.016659 0.019829
0 0.449976 0.468308 0.015553 0.020128
0 0.506141 0.173364 0.018913 0.019592
0 0.413174 0.106209 0.013866 0.018832
0 0.229270 0.685765 0.046899 0.046853
0 0.717903 0.734124 0.017954 0.021096
0 0.615147 0.151420 0.022171 0.019186
0 0.956313 0.705405 0.030587 0.033336
0 0.437139 0.681893 0.016832 0.017773
0 0.537162 0.549275 0.021631 0.022102
0 0.443995 0.539825 0.026631 0.025300
0 0.660447 0.366583 0.021684 0.027544