0 0.657559 0.225330 0.009393 0.019783
0 0.555412 0.645596 0.011207 0.017522
0 0.679637 0.696341 0.011197 0.018462
0 0.811969 0.907765 0.013265 0.034349
0 0.666930 0.392467 0.019915 0.027836
0 0.684830 0.289970 0.010101 0.019870
0 0.699889 0.656057 0.012982 0.020923
0 0.798711 0.348877 0.010813 0.020905
0 0.667584 0.193718 0.011232 0.020529
0 0.802727 0.635253 0.012418 0.021724
0 0.421959 0.531235 0.012782 0.026303
0 0.536135 0.839498 0.012153 0.020492
0 0.337519 0.664546 0.015767 0.036194
0 0.988529 0.267509 0.013132 0.021458
0 0.945643 0.545399 0.012792 0.021316
0 0.951111 0.124979 0.012746 0.027009
0 0.935608 0.393925 0.014396 0.023505
0 0.344742 0.439955 0.015088 0.026684
0 0.636798 0.535351 0.018106 0.033548