0 0.449140 0.986587 0.013211 0.016572
0 0.231836 0.950789 0.012939 0.020911
0 0.453104 0.946913 0.012332 0.020613
0 0.134321 0.909118 0.012716 0.019323
0 0.071529 0.840599 0.013739 0.021468
0 0.080681 0.762367 0.012856 0.019852
0 0.126229 0.931451 0.015335 0.024470
0 0.429847 0.468942 0.017911 0.035606
0 0.346732 0.729370 0.013991 0.021614
0 0.897055 0.400361 0.011580 0.017599
0 0.463456 0.784884 0.013961 0.021986
0 0.306810 0.675828 0.014860 0.022605
0 0.266832 0.540021 0.016713 0.023618
0 0.942826 0.376150 0.012369 0.021980
0 0.222336 0.627872 0.015823 0.023453
0 0.885060 0.413452 0.012957 0.021764
0 0.344881 0.684882 0.016361 0.025205
0 0.326426 0.464492 0.017136 0.028004