0 0.815715 0.845475 0.011937 0.017819
0 0.158523 0.203966 0.018269 0.019902
0 0.564418 0.693990 0.011156 0.016138
0 0.974433 0.857742 0.011397 0.014583
0 0.355885 0.550342 0.011891 0.015527
0 0.605944 0.905627 0.015846 0.028293
0 0.207740 0.339886 0.011184 0.015149
0 0.436017 0.308592 0.013150 0.016991
0 0.261732 0.296427 0.013148 0.016569
0 0.412908 0.748457 0.011521 0.017384
0 0.141178 0.520521 0.012942 0.019235
0 0.222030 0.662686 0.018522 0.027915
0 0.878067 0.650485 0.013014 0.016238
0 0.220582 0.512440 0.012004 0.017524
0 0.588896 0.983756 0.011238 0.013947
0 0.366703 0.637013 0.012184 0.021073
0 0.972122 0.525974 0.011493 0.018711
0 0.218287 0.540271 0.013242 0.017813
0 0.493338 0.738604 0.014153 0.017841
0 0.879960 0.746277 0.013696 0.016895
0 0.286995 0.359822 0.012237 0.017207
0 0.672361 0.335192 0.028254 0.027330
0 0.488576 0.655700 0.012386 0.016599
0 0.665058 0.981285 0.012211 0.015312
0 0.098073 0.741210 0.019719 0.032907
0 0.604122 0.725570 0.013830 0.017698
0 0.251467 0.470822 0.013755 0.018179
0 0.057918 0.776660 0.036259 0.068323
0 0.547991 0.882805 0.013418 0.018796
0 0.237371 0.894033 0.013725 0.019721
0 0.085302 0.378378 0.023214 0.024761
0 0.520491 0.674524 0.017456 0.020645
0 0.503680 0.572633 0.020104 0.020004
0 0.301162 0.708708 0.021340 0.025051
0 0.931058 0.735609 0.022612 0.024371