0 0.361337 0.309083 0.016014 0.026248
0 0.372717 0.109887 0.018923 0.033210
0 0.940772 0.838654 0.020347 0.031335
0 0.918299 0.688135 0.016603 0.029504
0 0.709651 0.439170 0.011993 0.021962
0 0.378794 0.515480 0.062025 0.130073
0 0.326659 0.322408 0.058673 0.109189
0 0.671516 0.438321 0.014964 0.026488
0 0.922944 0.749203 0.014666 0.029529
0 0.659512 0.205048 0.012241 0.026629
0 0.659603 0.343389 0.019179 0.028692
0 0.527140 0.062270 0.012932 0.025155
0 0.498597 0.873962 0.018147 0.031715
0 0.518031 0.145162 0.016788 0.033761
0 0.552711 0.071524 0.020559 0.028973
0 0.735731 0.599152 0.011930 0.025464
0 0.740013 0.563834 0.012555 0.021991
0 0.679350 0.540981 0.015366 0.027116
0 0.536952 0.621245 0.024190 0.029215
0 0.466914 0.736886 0.109453 0.183302
0 0.879244 0.554570 0.018256 0.031371
0 0.819506 0.520645 0.018814 0.032516
0 0.410983 0.231449 0.027422 0.034161