0 0.509132 0.113652 0.011313 0.014895
0 0.405516 0.053900 0.013656 0.020094
0 0.724902 0.130649 0.014679 0.016377
0 0.157730 0.466545 0.010676 0.016140
0 0.656635 0.730643 0.054783 0.075466
0 0.103092 0.551387 0.013774 0.017868
0 0.455307 0.330575 0.021124 0.031729
0 0.463369 0.471165 0.015060 0.018183
0 0.140289 0.607402 0.016110 0.018644
0 0.300662 0.382246 0.018047 0.015015
0 0.228971 0.546921 0.012781 0.016482
0 0.395991 0.195870 0.019093 0.020912
0 0.841250 0.167432 0.020372 0.027381
0 0.182562 0.627351 0.013166 0.017006
0 0.388494 0.350450 0.011119 0.014146
0 0.141431 0.533694 0.015495 0.018941
0 0.693359 0.389562 0.013171 0.019239
0 0.234969 0.193764 0.013056 0.015364
0 0.382263 0.124227 0.015502 0.016999
0 0.450637 0.059638 0.012048 0.014719
0 0.537734 0.343866 0.013961 0.016950
0 0.347546 0.189105 0.012735 0.017280
0 0.394316 0.249941 0.013326 0.017150
0 0.819247 0.353127 0.010761 0.015463
0 0.236083 0.597912 0.016939 0.020760
0 0.694681 0.237807 0.012007 0.020390
0 0.736814 0.185316 0.017714 0.016069
0 0.271056 0.242706 0.016160 0.018366
0 0.725910 0.396496 0.015777 0.016051
0 0.373095 0.305332 0.015999 0.020161
0 0.323533 0.238511 0.014068 0.017693
0 0.704755 0.492669 0.012314 0.014818
0 0.715012 0.385429 0.015755 0.020024
0 0.681974 0.283408 0.014287 0.017182
0 0.497050 0.258544 0.013818 0.016880
0 0.587431 0.489098 0.029176 0.032433
0 0.561094 0.455005 0.036197 0.035826
0 0.210439 0.642725 0.016497 0.021452
0 0.275840 0.815629 0.020439 0.022146
0 0.446438 0.268347 0.013405 0.017094
0 0.106543 0.856285 0.035488 0.050150
0 0.942035 0.435020 0.017748 0.017534
0 0.680518 0.409431 0.017418 0.020278
0 0.812135 0.491432 0.015314 0.016861
0 0.431658 0.372114 0.019274 0.024662
0 0.847980 0.510411 0.023388 0.021957
0 0.789420 0.344993 0.018193 0.017414
0 0.719864 0.291693 0.017289 0.019458
0 0.324767 0.180942 0.017406 0.013620
0 0.289460 0.245386 0.012461 0.015890
0 0.297075 0.231135 0.009494 0.016143
0 0.310921 0.158241 0.014241 0.017656
0 0.365512 0.157737 0.013846 0.011602
0 0.487132 0.142775 0.010502 0.013101
0 0.589526 0.142629 0.015296 0.017468
0 0.542610 0.141028 0.014155 0.014265