0 0.652813 0.754127 0.013822 0.017878
0 0.149075 0.267623 0.010525 0.017829
0 0.559697 0.136886 0.014570 0.021065
0 0.493404 0.629403 0.014647 0.020344
0 0.467816 0.302526 0.014031 0.015578
0 0.061402 0.233160 0.011213 0.017658
0 0.503666 0.166155 0.014858 0.020855
0 0.765271 0.479712 0.016594 0.020071
0 0.990382 0.441693 0.013376 0.021447
0 0.386797 0.302742 0.013726 0.018622
0 0.785848 0.334005 0.034508 0.032911
0 0.302386 0.192786 0.017323 0.018486
0 0.909735 0.627364 0.012922 0.019749
0 0.433694 0.299962 0.012706 0.017768
0 0.611931 0.399897 0.015975 0.019541
0 0.793225 0.631477 0.016953 0.020052
0 0.491625 0.402568 0.018742 0.021358
0 0.788198 0.749401 0.015308 0.018635
0 0.697315 0.225478 0.029310 0.026652
0 0.436966 0.406733 0.015556 0.021133
0 0.873799 0.544888 0.017432 0.020531
0 0.988800 0.345004 0.016289 0.022704
0 0.948444 0.745453 0.022341 0.024124
0 0.714666 0.388663 0.022476 0.026733
0 0.805881 0.569665 0.019095 0.027946
0 0.678633 0.408221 0.020744 0.034994
0 0.812861 0.457361 0.023380 0.027564
0 0.738870 0.472555 0.016110 0.022506
0 0.744446 0.347983 0.014870 0.017373
0 0.597292 0.331202 0.017968 0.016978
0 0.559874 0.257482 0.017326 0.017083
0 0.538624 0.277065 0.020596 0.019583