0 0.198071 0.961261 0.017312 0.033693
0 0.913003 0.267356 0.025381 0.043130
0 0.488314 0.548371 0.026432 0.074900
0 0.528802 0.549419 0.022717 0.050476
0 0.684229 0.870067 0.022157 0.036483
0 0.370994 0.479176 0.024878 0.054649
0 0.165259 0.877861 0.017225 0.039370
0 0.037779 0.513742 0.021528 0.055159
0 0.229905 0.895357 0.023284 0.045355
0 0.308607 0.591099 0.020241 0.044291
0 0.241759 0.482521 0.033627 0.071630
0 0.455055 0.336232 0.022338 0.055918
0 0.752925 0.637596 0.038181 0.075953
0 0.017769 0.577543 0.020598 0.043916
0 0.234198 0.625476 0.048765 0.060894
0 0.497372 0.102856 0.031422 0.048592
0 0.482442 0.685289 0.022890 0.044453
0 0.353654 0.645930 0.023449 0.042395
0 0.241953 0.823032 0.033726 0.056069
0 0.614837 0.843636 0.039282 0.056893
0 0.656064 0.456697 0.027040 0.060603
0 0.283088 0.348565 0.019903 0.044372
0 0.058516 0.721645 0.029956 0.048243
0 0.670752 0.781811 0.026202 0.058611
0 0.310689 0.947984 0.056930 0.053804
0 0.325157 0.679290 0.021507 0.055758
0 0.336578 0.199052 0.021125 0.044898
0 0.342755 0.804379 0.022208 0.057274
0 0.711180 0.284762 0.030648 0.069117
0 0.523304 0.424866 0.042295 0.095780
0 0.116164 0.151894 0.025582 0.062880
0 0.428949 0.333447 0.023978 0.053897
0 0.465175 0.291625 0.022594 0.050981
0 0.361334 0.249857 0.027071 0.047538
0 0.536262 0.196839 0.038536 0.062835
0 0.402724 0.086527 0.030347 0.067371
0 0.035518 0.064302 0.031490 0.051313
0 0.368341 0.110834 0.031474 0.053608
0 0.307134 0.485899 0.033215 0.061907