0 0.367155 0.678017 0.011288 0.016011
0 0.069875 0.359192 0.011119 0.015946
0 0.835314 0.303675 0.012700 0.018161
0 0.571323 0.831295 0.009006 0.014767
0 0.289065 0.759947 0.010086 0.016682
0 0.350083 0.847024 0.012115 0.016635
0 0.532707 0.627471 0.011254 0.015207
0 0.571213 0.697022 0.010893 0.015693
0 0.384886 0.181648 0.012884 0.018786
0 0.317409 0.668399 0.011448 0.016919
0 0.507712 0.225754 0.010192 0.017085
0 0.399444 0.490029 0.009706 0.015538
0 0.899332 0.760660 0.012627 0.020340
0 0.364015 0.740846 0.010963 0.015813
0 0.438508 0.615436 0.011193 0.016502
0 0.417145 0.575045 0.010525 0.015753
0 0.698284 0.900314 0.010993 0.015849
0 0.368419 0.418931 0.013568 0.018090
0 0.664054 0.375257 0.010860 0.015292
0 0.393622 0.341486 0.014751 0.018819
0 0.697896 0.847990 0.011472 0.017586
0 0.969274 0.758123 0.010741 0.014574
0 0.391144 0.565089 0.011108 0.016673