0 0.639694 0.708183 0.022327 0.032542
0 0.815200 0.939918 0.017287 0.025635
0 0.419084 0.837942 0.015931 0.029068
0 0.564254 0.544750 0.014578 0.030294
0 0.374755 0.750041 0.015506 0.030708
0 0.392290 0.918585 0.016888 0.027603
0 0.937271 0.964560 0.018284 0.026703
0 0.605181 0.788197 0.016093 0.033446
0 0.533623 0.317624 0.015652 0.029646
0 0.328221 0.475524 0.019275 0.035728
0 0.958077 0.869270 0.018141 0.033389
0 0.533342 0.627577 0.016260 0.029711
0 0.977520 0.851002 0.021910 0.032853
0 0.867898 0.130778 0.021835 0.041812
0 0.497070 0.121520 0.013207 0.028913
0 0.913044 0.879297 0.025187 0.033720
0 0.885321 0.175746 0.017380 0.033413
0 0.522687 0.456629 0.019630 0.038439
0 0.855641 0.298493 0.015998 0.033926
0 0.643099 0.351817 0.021835 0.040657
0 0.885901 0.369717 0.018395 0.036353
0 0.709178 0.433754 0.024552 0.055185