0 0.941250 0.119341 0.014821 0.022024
0 0.330558 0.193993 0.024023 0.028637
0 0.241481 0.401526 0.014268 0.019925
0 0.093753 0.435440 0.013431 0.018852
0 0.839563 0.043832 0.013605 0.020163
0 0.573248 0.158939 0.013240 0.018907
0 0.820755 0.147330 0.015454 0.023527
0 0.003142 0.127620 0.006284 0.018632
0 0.299014 0.444456 0.014542 0.023369
0 0.041200 0.082267 0.013435 0.020039
0 0.858796 0.098260 0.017916 0.023174
0 0.898423 0.114983 0.016244 0.021890
0 0.274246 0.235562 0.014179 0.020630
0 0.537488 0.564618 0.017483 0.023344
0 0.018921 0.061701 0.014011 0.021677
0 0.337831 0.507275 0.022110 0.030298
0 0.448584 0.288890 0.023282 0.025474