0 0.380780 0.979324 0.014003 0.018523
0 0.193787 0.023765 0.016851 0.022783
0 0.420350 0.155538 0.018294 0.025720
0 0.179981 0.307464 0.022399 0.029828
0 0.269279 0.693216 0.017982 0.022542
0 0.383526 0.339698 0.018466 0.024219
0 0.416012 0.830904 0.019509 0.024409
0 0.430601 0.700180 0.019020 0.026861
0 0.265398 0.583383 0.020686 0.029251
0 0.529892 0.805506 0.016455 0.023320
0 0.208181 0.978935 0.028533 0.030632
0 0.291133 0.589121 0.023371 0.037289
0 0.137057 0.812885 0.016222 0.026794
0 0.310540 0.020499 0.018833 0.032777
0 0.011000 0.579186 0.021112 0.024772
0 0.071234 0.893399 0.022333 0.027555
0 0.411984 0.713571 0.022980 0.024647
0 0.631763 0.740084 0.015672 0.026075
0 0.108609 0.943709 0.025289 0.023459
0 0.215032 0.792361 0.026595 0.033255
0 0.161498 0.756979 0.024929 0.028230
0 0.296097 0.889947 0.029156 0.031114
0 0.454834 0.861708 0.024864 0.028087
0 0.990103 0.475017 0.018928 0.035735
0 0.656216 0.794869 0.017787 0.024039
0 0.539398 0.947285 0.024375 0.026717
0 0.472229 0.253767 0.024068 0.032176
0 0.598457 0.607249 0.029353 0.029881
0 0.295557 0.628452 0.025132 0.032515
0 0.272334 0.309001 0.032255 0.040169
0 0.481606 0.918991 0.027020 0.042237
0 0.477815 0.807006 0.030410 0.029621
0 0.468326 0.562656 0.029093 0.035158
0 0.704240 0.623360 0.030784 0.044106
0 0.678064 0.489625 0.033117 0.040181
0 0.526278 0.752218 0.026267 0.033631
0 0.844254 0.508209 0.022825 0.033547
0 0.359567 0.640179 0.030367 0.035267
0 0.200340 0.257753 0.024783 0.038594
0 0.224893 0.249966 0.026160 0.027084
0 0.177851 0.239810 0.022947 0.037917
0 0.166836 0.164314 0.028455 0.031823
0 0.181293 0.147048 0.019735 0.036563
0 0.275607 0.099990 0.023865 0.025052
0 0.311864 0.128766 0.019276 0.032501
0 0.053017 0.132152 0.035798 0.029792
0 0.064032 0.161267 0.021112 0.032501
0 0.089963 0.168038 0.017899 0.028438
0 0.132186 0.106422 0.022488 0.029792
0 0.195062 0.428380 0.024324 0.027761
0 0.085211 0.602235 0.019902 0.026591
0 0.140222 0.608052 0.018775 0.024929
0 0.048599 0.587554 0.018775 0.022713
0 0.192792 0.703060 0.019526 0.027699
0 0.096663 0.436870 0.026285 0.026037