0 0.483072 0.782055 0.024512 0.052211
0 0.817515 0.891447 0.021361 0.041479
0 0.926801 0.986355 0.032909 0.024301
0 0.156559 0.821374 0.021351 0.032579
0 0.982600 0.299121 0.026148 0.043029
0 0.792285 0.781348 0.017787 0.035879
0 0.933773 0.518301 0.017481 0.042574
0 0.903825 0.242517 0.034442 0.056826
0 0.884418 0.656537 0.018844 0.038622
0 0.937889 0.450118 0.023542 0.037939
0 0.903186 0.468102 0.020924 0.029199
0 0.876742 0.109096 0.036082 0.052249
0 0.125713 0.553009 0.031010 0.032697
0 0.933432 0.568376 0.019710 0.042881
0 0.965445 0.066837 0.033648 0.056347
0 0.107782 0.507701 0.030094 0.036245
0 0.370162 0.899871 0.023209 0.040169
0 0.606228 0.672962 0.042044 0.043913
0 0.217493 0.838934 0.043594 0.041719
0 0.018342 0.546236 0.024974 0.035870
0 0.462693 0.855459 0.025532 0.048990
0 0.414510 0.297229 0.022953 0.039538
0 0.474178 0.654135 0.057668 0.050808
0 0.987733 0.194777 0.016945 0.030344
0 0.952331 0.177512 0.023602 0.023020
0 0.921618 0.161294 0.020878 0.032437
0 0.956416 0.149784 0.019063 0.024066
0 0.949305 0.300719 0.035705 0.047609
0 0.907923 0.366568 0.038997 0.060295
0 0.928359 0.357492 0.027373 0.047328
0 0.958169 0.367865 0.025498 0.035658