0 0.815110 0.988978 0.020825 0.021800
0 0.864313 0.917799 0.022710 0.030589
0 0.506612 0.354301 0.015089 0.024552
0 0.801410 0.752335 0.024423 0.034897
0 0.692399 0.858014 0.026181 0.028886
0 0.009438 0.986084 0.018876 0.027832
0 0.650023 0.336284 0.016068 0.025905
0 0.695207 0.791106 0.019633 0.028247
0 0.327512 0.889712 0.020732 0.031712
0 0.397710 0.884351 0.043441 0.046366
0 0.907543 0.536964 0.018244 0.026825
0 0.449356 0.734413 0.023474 0.031335
0 0.339396 0.930977 0.019480 0.031625
0 0.988460 0.834819 0.020165 0.032740
0 0.603429 0.294246 0.016053 0.025612
0 0.922891 0.740500 0.032861 0.039406
0 0.459654 0.282882 0.018649 0.029272
0 0.378399 0.683554 0.021068 0.029615
0 0.386084 0.544860 0.019052 0.026202
0 0.713695 0.709386 0.018705 0.027861
0 0.783461 0.086552 0.025772 0.034248
0 0.754633 0.884343 0.022495 0.032747
0 0.582695 0.834994 0.031386 0.037775
0 0.027829 0.910782 0.023234 0.037331
0 0.456284 0.674249 0.028330 0.033805
0 0.417688 0.674405 0.025465 0.033310
0 0.355952 0.763060 0.024963 0.035102
0 0.003493 0.830834 0.006987 0.043977
0 0.198944 0.728074 0.023912 0.034314
0 0.187732 0.412862 0.025008 0.035128
0 0.467385 0.607416 0.021918 0.033354
0 0.788337 0.241347 0.022306 0.035288
0 0.994662 0.731166 0.010620 0.052834
0 0.981416 0.577915 0.022389 0.032746
0 0.941208 0.680463 0.028577 0.035949
0 0.300700 0.708301 0.030278 0.040386
0 0.197920 0.275386 0.046605 0.056059
0 0.683435 0.391142 0.026803 0.038528
0 0.869740 0.434178 0.029570 0.042054
0 0.860375 0.646924 0.043763 0.060294
0 0.593763 0.585747 0.045570 0.056961