0 0.032869 0.250624 0.011865 0.014928
0 0.920051 0.508095 0.009491 0.014321
0 0.873125 0.820944 0.009041 0.013908
0 0.856541 0.461959 0.009958 0.013209
0 0.812668 0.488698 0.010375 0.013857
0 0.914889 0.810118 0.009296 0.013624
0 0.918850 0.769108 0.009055 0.012340
0 0.704963 0.342189 0.011072 0.014271
0 0.948077 0.894068 0.008674 0.011665
0 0.276525 0.931633 0.014493 0.025359
0 0.815838 0.753176 0.009352 0.014445
0 0.949823 0.859536 0.010986 0.013150
0 0.869812 0.967150 0.009614 0.015523
0 0.773888 0.538538 0.009455 0.012718
0 0.529096 0.358379 0.012113 0.017692
0 0.651831 0.757767 0.012769 0.017412
0 0.197382 0.854966 0.009990 0.012971
0 0.583493 0.262687 0.009796 0.013225
0 0.917853 0.858587 0.011821 0.025036
0 0.597214 0.737499 0.014806 0.021315
0 0.518107 0.746229 0.023174 0.033560
0 0.763477 0.971990 0.010159 0.015569
0 0.765720 0.963974 0.014094 0.028502
0 0.020687 0.325317 0.010169 0.013567
0 0.753114 0.992945 0.010948 0.013378
0 0.649246 0.887586 0.011647 0.014789
0 0.918141 0.864884 0.009997 0.013868
0 0.326521 0.209545 0.011754 0.015050
0 0.900518 0.590204 0.010803 0.015838
0 0.598456 0.880155 0.009319 0.015521
0 0.935171 0.916003 0.009598 0.014008
0 0.496647 0.291216 0.011352 0.014310
0 0.731946 0.386724 0.008899 0.013320
0 0.032147 0.831298 0.010300 0.012633
0 0.965927 0.957689 0.009744 0.014552
0 0.065284 0.857017 0.014838 0.020191
0 0.854265 0.735104 0.009588 0.014111
0 0.656655 0.352510 0.011357 0.013868
0 0.828789 0.763962 0.011561 0.017105
0 0.058008 0.822996 0.010928 0.014865
0 0.117285 0.409917 0.010512 0.014998
0 0.310534 0.240316 0.010658 0.014253
0 0.764592 0.620538 0.009908 0.016945
0 0.742784 0.459059 0.011970 0.015357
0 0.833794 0.731718 0.010767 0.018012
0 0.540923 0.958783 0.010174 0.012977
0 0.792059 0.765366 0.010470 0.018283
0 0.756945 0.525745 0.010922 0.015090
0 0.183392 0.913055 0.011356 0.012892
0 0.557276 0.972686 0.011831 0.014216
0 0.098573 0.867368 0.014992 0.020520
0 0.685102 0.615672 0.013453 0.015915
0 0.527472 0.917227 0.010081 0.013524
0 0.829460 0.933166 0.010901 0.015533
0 0.742294 0.954578 0.010773 0.015429
0 0.111314 0.768651 0.012469 0.015638
0 0.540848 0.329703 0.012363 0.016745
0 0.969320 0.732537 0.013156 0.019583
0 0.608437 0.355918 0.011724 0.016728
0 0.147039 0.332428 0.013639 0.017984
0 0.594838 0.472607 0.014763 0.018874