0 0.180056 0.666170 0.014261 0.020042
0 0.267187 0.403563 0.014338 0.020557
0 0.171611 0.632517 0.014512 0.025638
0 0.721826 0.175021 0.013953 0.022165
0 0.281887 0.141010 0.017003 0.024735
0 0.296147 0.258052 0.014663 0.022672
0 0.533530 0.488969 0.013950 0.021223
0 0.472632 0.723950 0.012116 0.020115
0 0.506761 0.854105 0.013834 0.020205
0 0.417601 0.740097 0.013129 0.020369
0 0.575793 0.570346 0.014095 0.021223
0 0.842147 0.773588 0.015418 0.019360
0 0.746158 0.917613 0.013861 0.018931
0 0.607365 0.741693 0.011696 0.020491
0 0.625582 0.767635 0.013720 0.019895
0 0.514180 0.357962 0.014078 0.020898
0 0.540814 0.303176 0.015076 0.022804
0 0.698670 0.551711 0.013347 0.021293
0 0.587123 0.469858 0.015447 0.022074
0 0.600852 0.392150 0.015213 0.020006
0 0.826719 0.848490 0.013733 0.019668
0 0.533295 0.708838 0.016329 0.026368
0 0.624595 0.535029 0.015016 0.022833
0 0.995092 0.050303 0.009711 0.029120
0 0.715580 0.734568 0.013897 0.022194
0 0.861886 0.104080 0.019343 0.026717