0 0.644430 0.804130 0.015060 0.036699
0 0.189064 0.157274 0.027974 0.041317
0 0.415717 0.724025 0.021243 0.032632
0 0.420724 0.458339 0.022708 0.038662
0 0.685590 0.468831 0.019497 0.036440
0 0.388301 0.409120 0.024256 0.042806
0 0.665530 0.190192 0.024554 0.031353
0 0.972977 0.356786 0.021189 0.034318
0 0.765939 0.872007 0.024310 0.042085
0 0.444578 0.478951 0.024662 0.050863
0 0.478143 0.857673 0.031833 0.059343
0 0.744904 0.036264 0.034222 0.067395
0 0.328178 0.632151 0.025889 0.048883
0 0.614670 0.846674 0.035191 0.074786
0 0.430840 0.538055 0.032665 0.063086
0 0.442137 0.434995 0.028715 0.052524
0 0.958592 0.644215 0.047766 0.084984
0 0.502310 0.682648 0.025737 0.031963
0 0.492411 0.787671 0.020458 0.034247
0 0.754070 0.658105 0.031676 0.039954
0 0.217554 0.930936 0.019798 0.033105
0 0.137703 0.682078 0.023757 0.028539
0 0.142653 0.816781 0.023097 0.030822
0 0.066102 0.626142 0.019138 0.033105
0 0.355147 0.300799 0.021777 0.030822