0 0.559006 0.570516 0.009687 0.015299
0 0.581055 0.474496 0.011302 0.017508
0 0.565821 0.728177 0.011866 0.017163
0 0.637036 0.018943 0.011576 0.016082
0 0.866632 0.442666 0.010567 0.016519
0 0.719579 0.135516 0.011433 0.016096
0 0.641729 0.151407 0.011650 0.017405
0 0.707851 0.246049 0.009872 0.014181
0 0.656235 0.677488 0.012033 0.017042
0 0.614768 0.043932 0.009551 0.014108
0 0.732029 0.739385 0.009965 0.015835
0 0.743667 0.727194 0.010389 0.015857
0 0.824956 0.724123 0.010057 0.013253
0 0.486894 0.705510 0.012288 0.017359
0 0.626363 0.318195 0.010717 0.015393
0 0.709176 0.830614 0.010636 0.016390
0 0.705500 0.379596 0.010390 0.015889
0 0.925892 0.341064 0.011361 0.015393
0 0.638170 0.342566 0.012275 0.019961
0 0.753176 0.652482 0.017157 0.020682
0 0.871384 0.631518 0.011573 0.017702
0 0.901042 0.674209 0.013269 0.016106
0 0.666251 0.471899 0.013027 0.019796
0 0.872388 0.559689 0.012006 0.019311
0 0.846305 0.680795 0.012034 0.017595