0 0.571957 0.523009 0.028457 0.055745
0 0.438937 0.097048 0.025529 0.063348
0 0.268253 0.019786 0.040342 0.039571
0 0.779442 0.970056 0.028340 0.051432
0 0.485322 0.283819 0.028686 0.053207
0 0.554809 0.980365 0.022711 0.038683
0 0.109766 0.252723 0.039842 0.070181
0 0.623689 0.984825 0.036463 0.029764
0 0.655075 0.606930 0.036740 0.068718
0 0.761784 0.351761 0.029930 0.059787
0 0.340130 0.914807 0.039134 0.076760
0 0.779106 0.049480 0.030029 0.063324
0 0.025718 0.961758 0.051363 0.076271
0 0.439945 0.228591 0.026228 0.062576
0 0.629998 0.234145 0.034745 0.064233
0 0.804194 0.052750 0.040130 0.078612
0 0.473237 0.910658 0.028318 0.059786
0 0.529598 0.649823 0.071327 0.080876
0 0.715604 0.632653 0.031816 0.057970
0 0.504100 0.747864 0.069586 0.091773
0 0.026835 0.549868 0.034692 0.095822
0 0.246593 0.404911 0.063289 0.101845
0 0.222360 0.944816 0.041606 0.094892
0 0.292579 0.891274 0.073098 0.124887
0 0.205360 0.736689 0.084439 0.106451
0 0.095992 0.902937 0.044084 0.082810