0 0.036126 0.217013 0.012339 0.022525
0 0.135820 0.293881 0.016354 0.022803
0 0.166298 0.465079 0.012759 0.019161
0 0.420817 0.146774 0.015489 0.022873
0 0.203449 0.398099 0.014750 0.024692
0 0.316840 0.280653 0.015128 0.021535
0 0.130287 0.349818 0.015249 0.026155
0 0.095669 0.098250 0.013446 0.020324
0 0.069672 0.928993 0.017378 0.031198
0 0.246106 0.579818 0.013804 0.019919
0 0.234248 0.349600 0.015213 0.019385
0 0.467648 0.189544 0.018526 0.025030
0 0.165821 0.175305 0.013479 0.022186
0 0.149352 0.087035 0.017580 0.030277
0 0.193713 0.021867 0.014673 0.020792
0 0.223259 0.302730 0.018443 0.019676
0 0.193926 0.598598 0.016027 0.022792
0 0.143496 0.120419 0.014312 0.022226
0 0.245888 0.881448 0.021857 0.026091
0 0.080896 0.067659 0.014320 0.022627
0 0.036316 0.097339 0.016266 0.024798
0 0.162270 0.304923 0.016835 0.020314
0 0.240097 0.389389 0.017848 0.024922
0 0.213946 0.751138 0.020264 0.027343
0 0.190006 0.301601 0.017800 0.022880
0 0.157060 0.348595 0.018797 0.025291