0 0.448672 0.213260 0.012449 0.019398
0 0.510149 0.309981 0.011972 0.016392
0 0.399025 0.746699 0.012754 0.021732
0 0.606604 0.428903 0.014275 0.021112
0 0.590057 0.513920 0.013103 0.018490
0 0.506980 0.617432 0.012511 0.018533
0 0.547603 0.515327 0.011456 0.015762
0 0.712817 0.751745 0.011199 0.016712
0 0.648859 0.816564 0.013954 0.020871
0 0.739039 0.737617 0.011291 0.019014
0 0.505726 0.469727 0.012476 0.018737
0 0.567143 0.441920 0.014324 0.020618
0 0.425954 0.718617 0.014170 0.022489
0 0.501777 0.400811 0.011930 0.018092
0 0.928391 0.951076 0.071527 0.097848
0 0.618563 0.305830 0.012254 0.016820
0 0.588835 0.469978 0.013304 0.018342
0 0.632395 0.372687 0.013272 0.017526
0 0.376152 0.649816 0.020051 0.025681