0 0.142679 0.628426 0.016059 0.024960
0 0.175697 0.731442 0.013608 0.020335
0 0.455903 0.440586 0.012775 0.018300
0 0.634692 0.919641 0.020035 0.033659
0 0.100829 0.017447 0.027084 0.021667
0 0.155627 0.915635 0.012036 0.017022
0 0.506577 0.987234 0.013981 0.019786
0 0.989258 0.100212 0.021484 0.046223
0 0.265937 0.903805 0.012146 0.020109
0 0.146574 0.944690 0.014935 0.019288
0 0.216010 0.726046 0.014016 0.022274
0 0.161418 0.756273 0.013766 0.019979
0 0.588883 0.436333 0.014148 0.020019
0 0.256011 0.742251 0.019488 0.021686
0 0.289973 0.357674 0.016573 0.023444
0 0.410579 0.107135 0.019037 0.025101
0 0.052270 0.809553 0.019065 0.040678
0 0.253789 0.859056 0.017898 0.032662
0 0.434189 0.900224 0.016597 0.024785
0 0.039968 0.511450 0.026110 0.042096
0 0.332709 0.574883 0.021164 0.026574
0 0.148565 0.780795 0.017259 0.023983
0 0.199158 0.389427 0.018786 0.024427
0 0.467906 0.326816 0.015153 0.021465
0 0.600337 0.486143 0.018271 0.026215
0 0.538822 0.436820 0.022322 0.027281