0 0.234948 0.271586 0.047215 0.086000
0 0.161885 0.373440 0.022283 0.044086
0 0.225205 0.362225 0.023544 0.044928
0 0.987351 0.789822 0.025298 0.069838
0 0.449189 0.978343 0.041796 0.042300
0 0.238991 0.418247 0.048874 0.069458
0 0.930135 0.855075 0.028140 0.052626
0 0.722943 0.522577 0.033682 0.055711
0 0.526846 0.872935 0.031022 0.049460
0 0.759284 0.729922 0.036770 0.060678
0 0.436946 0.489523 0.023505 0.051984
0 0.064508 0.016269 0.035741 0.032538
0 0.311018 0.594286 0.032196 0.055889
0 0.267564 0.288913 0.057840 0.085262
0 0.100581 0.210112 0.030001 0.050961
0 0.375078 0.510445 0.031439 0.065940
0 0.390485 0.733283 0.025492 0.076542
0 0.842516 0.907075 0.070503 0.168872
0 0.109628 0.048520 0.030057 0.079530
0 0.405591 0.523287 0.035165 0.079988
0 0.201166 0.747057 0.035214 0.058018
0 0.757675 0.027528 0.061367 0.055056
0 0.202633 0.127113 0.052121 0.086621
0 0.821057 0.562237 0.106875 0.180573