0 0.850353 0.533752 0.015044 0.022572
0 0.575842 0.350903 0.014679 0.020305
0 0.240744 0.408957 0.011767 0.020499
0 0.702544 0.669469 0.014706 0.020386
0 0.266748 0.459048 0.013355 0.024290
0 0.417885 0.821516 0.015445 0.020821
0 0.439660 0.576580 0.013534 0.020928
0 0.207264 0.311507 0.013427 0.019292
0 0.856540 0.468682 0.025176 0.033179
0 0.009070 0.575501 0.011138 0.016784
0 0.492234 0.711533 0.011629 0.017363
0 0.511946 0.190548 0.012552 0.019421
0 0.530576 0.225695 0.015597 0.023483
0 0.007081 0.688273 0.011882 0.018045
0 0.565316 0.459390 0.017335 0.023832
0 0.492848 0.100116 0.014672 0.022277
0 0.585163 0.307644 0.014311 0.022095
0 0.038205 0.868941 0.014201 0.020669
0 0.370264 0.385202 0.014993 0.022603
0 0.467503 0.154968 0.015104 0.023094
0 0.058433 0.670552 0.011631 0.016328
0 0.530410 0.367747 0.015630 0.023345
0 0.057357 0.551005 0.012451 0.017563
0 0.565053 0.712174 0.012549 0.018380
0 0.237291 0.168334 0.015937 0.023069
0 0.331772 0.421643 0.014041 0.023440
0 0.815066 0.167835 0.015824 0.020407
0 0.719449 0.277449 0.014978 0.023169
0 0.454081 0.189252 0.013475 0.019825
0 0.344328 0.572902 0.022102 0.028872
0 0.338910 0.042072 0.012056 0.018060
0 0.384838 0.936159 0.014669 0.016707
0 0.293258 0.862172 0.015639 0.020189
0 0.748919 0.639735 0.014958 0.019954
0 0.381181 0.607872 0.026362 0.028298
0 0.540703 0.153896 0.015248 0.019618
0 0.581117 0.911782 0.015104 0.018391
0 0.886107 0.576353 0.015358 0.021955
0 0.925830 0.093962 0.012921 0.021767
0 0.435798 0.899317 0.012758 0.019137
0 0.735910 0.378490 0.016432 0.023337
0 0.709617 0.452925 0.017021 0.021398
0 0.730753 0.536142 0.014878 0.022612
0 0.948546 0.656344 0.016816 0.025200
0 0.713858 0.625692 0.016895 0.022888