0 0.430901 0.096634 0.009849 0.014671
0 0.274988 0.916762 0.020944 0.028930
0 0.374013 0.783782 0.013054 0.018357
0 0.255465 0.077243 0.016253 0.023063
0 0.147195 0.579276 0.012699 0.015415
0 0.121175 0.004132 0.014319 0.008247
0 0.654587 0.308907 0.011581 0.019811
0 0.032916 0.017400 0.010810 0.014862
0 0.248069 0.474702 0.017370 0.021727
0 0.225838 0.040367 0.012488 0.015093
0 0.455422 0.147001 0.012083 0.017129
0 0.408076 0.622998 0.013058 0.017501
0 0.509030 0.551473 0.012666 0.017216
0 0.684680 0.256969 0.014194 0.021121
0 0.372095 0.201126 0.011885 0.018666
0 0.450413 0.268218 0.014041 0.020445
0 0.228015 0.250208 0.013379 0.019062
0 0.420249 0.221432 0.022669 0.026357
0 0.567806 0.435177 0.016112 0.021026