0 0.121109 0.579790 0.024292 0.024579
0 0.357225 0.873332 0.016920 0.016074
0 0.222461 0.965176 0.016441 0.026502
0 0.276195 0.980605 0.020289 0.023261
0 0.107656 0.423688 0.032565 0.029984
0 0.075895 0.668049 0.020229 0.034086
0 0.082271 0.164047 0.012729 0.014902
0 0.253303 0.586652 0.019433 0.019974
0 0.134894 0.069859 0.022489 0.022146
0 0.361344 0.699108 0.015677 0.015524
0 0.187543 0.857913 0.022187 0.021772
0 0.155446 0.063023 0.032063 0.030043
0 0.032023 0.412679 0.024641 0.021853
0 0.439133 0.889289 0.015436 0.019673
0 0.266282 0.945462 0.022676 0.018589
0 0.129346 0.314464 0.016763 0.018384
0 0.314134 0.718185 0.017237 0.019855
0 0.598317 0.535718 0.016296 0.016135
0 0.535439 0.749209 0.017541 0.014648
0 0.100396 0.916220 0.020143 0.022582
0 0.386662 0.989382 0.017781 0.020168
0 0.186295 0.510599 0.021957 0.026371
0 0.140328 0.474157 0.019074 0.020918
0 0.415399 0.787260 0.016637 0.018044
0 0.434749 0.677470 0.021602 0.021880
0 0.398921 0.902955 0.020436 0.024902
0 0.118189 0.628909 0.050458 0.038762
0 0.423073 0.916575 0.024566 0.025649
0 0.101192 0.152689 0.017511 0.021075
0 0.113295 0.293913 0.019829 0.016258
0 0.027940 0.254512 0.026483 0.022993
0 0.219742 0.277968 0.015745 0.018245
0 0.108225 0.463681 0.040785 0.050095
0 0.233030 0.867419 0.024028 0.032586
0 0.016959 0.124961 0.021513 0.021305
0 0.294359 0.607891 0.021370 0.021213
0 0.124820 0.550723 0.033141 0.033751
0 0.547015 0.610155 0.017586 0.021518
0 0.201972 0.356885 0.019436 0.018792
0 0.073443 0.389006 0.024959 0.029299
0 0.075104 0.718876 0.049845 0.058923
0 0.007297 0.221328 0.014594 0.031216
0 0.404698 0.225714 0.018207 0.025371
0 0.245609 0.313212 0.019144 0.020397
0 0.402190 0.937761 0.032715 0.033189
0 0.154502 0.538932 0.025643 0.030115
0 0.268557 0.855346 0.033562 0.028408
0 0.022675 0.157493 0.023697 0.024120
0 0.486748 0.720921 0.024521 0.022021
0 0.164076 0.347753 0.023520 0.023506
0 0.012381 0.063705 0.024753 0.021720
0 0.332451 0.926074 0.027840 0.025878
0 0.343166 0.760855 0.024526 0.025620
0 0.665050 0.675779 0.034981 0.037975
0 0.037016 0.287725 0.042148 0.047525
0 0.671295 0.984123 0.029854 0.030403
0 0.287684 0.721332 0.031429 0.035531
0 0.289793 0.830215 0.038455 0.038836
0 0.361104 0.412814 0.034466 0.031160
0 0.110360 0.038877 0.037118 0.036804
0 0.432011 0.706091 0.044366 0.036833
0 0.266938 0.111160 0.032664 0.036965
0 0.184362 0.608203 0.029028 0.033390
0 0.193703 0.690576 0.021843 0.023483
0 0.106939 0.838070 0.033081 0.034761
0 0.081460 0.888279 0.023317 0.024952
0 0.049227 0.915857 0.024688 0.022326
0 0.022471 0.662137 0.024646 0.039601
0 0.046333 0.655016 0.020809 0.022771