0 0.559374 0.683695 0.016219 0.020573
0 0.374956 0.544438 0.013127 0.020784
0 0.667881 0.157606 0.012145 0.016927
0 0.496936 0.433968 0.013392 0.017556
0 0.863521 0.482883 0.023628 0.035666
0 0.505156 0.541897 0.015728 0.020701
0 0.061815 0.375442 0.012826 0.018684
0 0.082159 0.397385 0.013811 0.023771
0 0.539978 0.250856 0.011392 0.016367
0 0.003043 0.127902 0.006085 0.017385
0 0.668588 0.122509 0.012947 0.018377
0 0.330582 0.193967 0.023195 0.027275
0 0.941171 0.119468 0.014032 0.021042
0 0.241445 0.401731 0.013533 0.018787
0 0.093797 0.435657 0.012781 0.017346
0 0.839592 0.043937 0.013004 0.019202
0 0.573331 0.159003 0.012462 0.017814
0 0.820794 0.147636 0.014622 0.022102
0 0.041163 0.082372 0.012956 0.018961
0 0.084789 0.514812 0.045387 0.059031
0 0.858719 0.098523 0.017049 0.021693
0 0.298960 0.444632 0.013518 0.021647
0 0.018943 0.061843 0.013508 0.020681
0 0.898459 0.115139 0.015549 0.020817
0 0.274258 0.235794 0.013374 0.018971
0 0.537521 0.564974 0.016577 0.021711
0 0.337142 0.508541 0.018326 0.023467
0 0.448533 0.288970 0.022381 0.023492