0 0.004499 0.366705 0.008998 0.036332
0 0.695611 0.577738 0.017858 0.031696
0 0.662428 0.513061 0.014805 0.024295
0 0.899466 0.279854 0.015787 0.026117
0 0.062885 0.908830 0.010905 0.019613
0 0.968276 0.010736 0.014234 0.021472
0 0.915793 0.247438 0.014003 0.021639
0 0.198727 0.841622 0.013395 0.020064
0 0.656073 0.503818 0.025353 0.040144
0 0.993194 0.529608 0.011698 0.023659
0 0.994486 0.897964 0.010960 0.024721
0 0.804012 0.422937 0.018587 0.029482
0 0.809027 0.590667 0.013348 0.030781
0 0.848331 0.700663 0.020265 0.034931
0 0.138703 0.247446 0.015318 0.030277
0 0.602870 0.528501 0.020452 0.034506
0 0.774995 0.627554 0.018210 0.034554
0 0.632373 0.937682 0.018472 0.032775
0 0.539068 0.836473 0.016478 0.031362
0 0.930078 0.990714 0.025756 0.018572
0 0.335427 0.991805 0.019395 0.016377
0 0.038568 0.844265 0.013670 0.023801
0 0.954408 0.794775 0.018975 0.033676
0 0.469095 0.789014 0.016351 0.028788
0 0.455701 0.978397 0.017317 0.030742
0 0.725862 0.982437 0.019395 0.034704
0 0.048286 0.883007 0.014141 0.023484
0 0.055766 0.858005 0.014184 0.024403
0 0.330419 0.469523 0.022963 0.042157
0 0.708002 0.631970 0.024676 0.037959
0 0.355046 0.859272 0.015665 0.031072
0 0.231607 0.755716 0.016537 0.029474
0 0.430699 0.962791 0.018874 0.028956
0 0.160901 0.621525 0.021249 0.031078
0 0.139955 0.821094 0.017279 0.028338
0 0.261821 0.615981 0.017518 0.029959
0 0.473801 0.744899 0.017535 0.029539
0 0.366298 0.836606 0.016710 0.027380
0 0.445568 0.797501 0.021641 0.030791