0 0.833229 0.947920 0.034931 0.032626
0 0.597834 0.282959 0.014203 0.020511
0 0.211941 0.082277 0.015312 0.024050
0 0.364490 0.421353 0.016303 0.025107
0 0.801707 0.225737 0.014504 0.021392
0 0.442286 0.496597 0.015894 0.022216
0 0.104425 0.340699 0.029596 0.047328
0 0.576748 0.288903 0.011080 0.021198
0 0.881472 0.160871 0.020094 0.030322
0 0.734966 0.824195 0.018468 0.027673
0 0.743118 0.595344 0.015373 0.023233
0 0.379666 0.102277 0.010190 0.022362
0 0.474582 0.839592 0.024769 0.030346
0 0.269011 0.779846 0.018740 0.030905
0 0.941464 0.473355 0.010677 0.022070
0 0.912115 0.458204 0.011626 0.021453
0 0.549914 0.518469 0.033191 0.038162
0 0.740266 0.395229 0.016168 0.031135
0 0.666252 0.094462 0.017574 0.028017
0 0.811552 0.443898 0.025219 0.045500