0 0.057069 0.420272 0.013785 0.020970
0 0.100165 0.049160 0.012695 0.016144
0 0.243938 0.593348 0.011777 0.019337
0 0.985784 0.684868 0.012964 0.022685
0 0.895494 0.688782 0.012550 0.023078
0 0.532369 0.313557 0.010384 0.017442
0 0.148089 0.619861 0.010063 0.016632
0 0.125790 0.617583 0.011162 0.018537
0 0.138405 0.088564 0.011934 0.018557
0 0.481079 0.804222 0.018418 0.022853
0 0.754726 0.686499 0.011524 0.019728
0 0.965329 0.215270 0.008787 0.014629
0 0.939654 0.136815 0.010550 0.020554
0 0.716476 0.714212 0.012338 0.018560
0 0.611503 0.187708 0.010101 0.017010
0 0.969685 0.287305 0.008656 0.015673
0 0.977060 0.136237 0.009237 0.015266
0 0.977321 0.266598 0.010460 0.016776
0 0.814129 0.283409 0.011025 0.016376
0 0.661566 0.820606 0.014070 0.019608
0 0.881879 0.431846 0.011798 0.020522
0 0.870170 0.246336 0.010087 0.016308
0 0.895625 0.860453 0.019036 0.023852
0 0.614177 0.265381 0.011337 0.017035
0 0.279264 0.448691 0.012242 0.019594
0 0.833518 0.069846 0.011421 0.016638
0 0.937265 0.258322 0.009516 0.014433
0 0.983173 0.065051 0.010037 0.014109
0 0.832470 0.483166 0.012376 0.018396
0 0.642547 0.017462 0.012557 0.024448
0 0.570131 0.248300 0.012531 0.019177
0 0.626021 0.142567 0.012313 0.018944
0 0.414751 0.235788 0.022369 0.033867
0 0.930152 0.351900 0.013289 0.020474
0 0.703932 0.170425 0.012347 0.018345
0 0.975939 0.470102 0.016803 0.022558
0 0.696285 0.282161 0.013907 0.019567
0 0.241458 0.763455 0.017060 0.026349
0 0.322269 0.683835 0.017958 0.018330
0 0.087242 0.614240 0.030978 0.022339
0 0.098017 0.602211 0.020203 0.023485