0 0.157343 0.844677 0.014888 0.021173
0 0.238199 0.835811 0.015351 0.021805
0 0.300729 0.905271 0.015246 0.021494
0 0.841972 0.285931 0.017163 0.025385
0 0.488324 0.957427 0.015728 0.023305
0 0.067474 0.059713 0.018399 0.035160
0 0.527835 0.364492 0.014591 0.024041
0 0.667903 0.614215 0.015917 0.023619
0 0.463994 0.026299 0.016575 0.020613
0 0.451842 0.118563 0.014967 0.024332
0 0.521639 0.511871 0.018138 0.026344
0 0.222962 0.868967 0.013345 0.018117
0 0.585845 0.847863 0.012844 0.019717
0 0.108107 0.722169 0.012510 0.019125
0 0.006929 0.848529 0.013858 0.026162
0 0.505862 0.192840 0.015137 0.020588
0 0.734078 0.312504 0.017907 0.026093
0 0.310096 0.833949 0.015945 0.018430
0 0.834839 0.591754 0.017501 0.027330
0 0.145311 0.096189 0.018166 0.028916
0 0.694994 0.774014 0.015444 0.022833
0 0.603446 0.313620 0.015181 0.024195
0 0.506247 0.678857 0.016997 0.022286
0 0.451250 0.221073 0.015777 0.021287
0 0.850637 0.017684 0.017451 0.023765
0 0.728977 0.463455 0.016084 0.024388
0 0.184210 0.049382 0.015708 0.026385
0 0.969640 0.481704 0.015651 0.021500