0 0.227837 0.390318 0.022499 0.035283
0 0.389449 0.773458 0.013920 0.029963
0 0.271360 0.579669 0.025628 0.031709
0 0.248841 0.449406 0.017819 0.031084
0 0.823031 0.424814 0.027255 0.044512
0 0.205492 0.669196 0.019289 0.026071
0 0.619932 0.806471 0.035454 0.074412
0 0.649232 0.680261 0.023387 0.041161
0 0.421563 0.576592 0.015764 0.033569
0 0.478135 0.654221 0.026993 0.045529
0 0.046661 0.713366 0.018014 0.027130
0 0.269535 0.344072 0.021823 0.047537
0 0.292081 0.172175 0.016088 0.036646
0 0.007632 0.532145 0.015264 0.040983
0 0.383778 0.449492 0.030571 0.046203
0 0.854840 0.383893 0.024736 0.040949
0 0.116828 0.612627 0.019327 0.025230
0 0.276221 0.397648 0.019826 0.042724
0 0.970243 0.466660 0.027661 0.045549
0 0.534475 0.255254 0.023843 0.057208
0 0.199761 0.476358 0.015489 0.035939
0 0.604751 0.770888 0.030306 0.057627
0 0.629083 0.919357 0.024269 0.038832
0 0.081575 0.470937 0.019832 0.025893
0 0.617750 0.643943 0.023405 0.038018
0 0.285744 0.434865 0.022446 0.038272
0 0.645751 0.232748 0.019537 0.037740
0 0.506832 0.925761 0.023337 0.037432
0 0.612993 0.881904 0.021783 0.034622
0 0.148242 0.293529 0.030964 0.043440
0 0.583704 0.942341 0.019582 0.028283
0 0.501404 0.259068 0.028389 0.041267
0 0.023800 0.357249 0.021817 0.044082
0 0.962878 0.421115 0.030041 0.057948
0 0.060425 0.668726 0.015082 0.026902
0 0.232201 0.600828 0.025518 0.038486
0 0.633313 0.165723 0.026532 0.036771
0 0.418414 0.497040 0.020588 0.046687
0 0.173512 0.164260 0.029540 0.072043
0 0.181629 0.438457 0.019910 0.028686
0 0.464421 0.989238 0.026135 0.020925
0 0.074580 0.586168 0.028275 0.048908
0 0.719522 0.459331 0.038424 0.048208
0 0.396085 0.567942 0.030425 0.054265
0 0.206547 0.762135 0.019397 0.031261
0 0.029280 0.830536 0.019239 0.026798
0 0.605880 0.273272 0.025010 0.044619
0 0.152883 0.455054 0.023680 0.034071
0 0.664193 0.517622 0.031532 0.059970
0 0.133047 0.984118 0.023239 0.031607
0 0.234555 0.982744 0.028858 0.034165
0 0.597228 0.690104 0.026713 0.046232
0 0.151243 0.522984 0.027765 0.038016
0 0.670735 0.023602 0.027792 0.040978
0 0.184138 0.975805 0.023205 0.039032
0 0.818910 0.234753 0.036369 0.057819
0 0.587179 0.425095 0.040617 0.064076
0 0.416431 0.797993 0.025822 0.048062
0 0.328194 0.624984 0.031236 0.044458
0 0.115413 0.897250 0.031367 0.044546
0 0.394575 0.658353 0.030731 0.054404