0 0.157797 0.895381 0.013401 0.024818
0 0.433738 0.332357 0.013190 0.017266
0 0.586600 0.493564 0.012939 0.019503
0 0.477148 0.596004 0.012323 0.017109
0 0.465417 0.461093 0.012678 0.019006
0 0.491853 0.361960 0.011855 0.017472
0 0.403910 0.618512 0.011473 0.017503
0 0.455070 0.869533 0.011799 0.016583
0 0.488330 0.503346 0.011760 0.016376
0 0.772047 0.132864 0.012266 0.018114
0 0.235184 0.778255 0.010355 0.015665
0 0.446553 0.939761 0.011405 0.018630
0 0.625767 0.256695 0.011379 0.017049
0 0.397300 0.747299 0.012260 0.018716
0 0.286288 0.738400 0.012081 0.016440
0 0.746663 0.089434 0.012129 0.017109
0 0.726851 0.529073 0.012166 0.017330
0 0.645294 0.108621 0.012679 0.017627
0 0.768457 0.764780 0.012200 0.024560
0 0.198937 0.806851 0.013269 0.019662
0 0.828224 0.099365 0.011058 0.014447
0 0.744921 0.862898 0.013209 0.017854
0 0.660867 0.384630 0.013650 0.016401
0 0.494617 0.616228 0.012964 0.016891
0 0.651044 0.443470 0.014152 0.015844
0 0.245473 0.886790 0.011751 0.019380
0 0.216697 0.922718 0.013554 0.021288
0 0.744087 0.250124 0.013804 0.018886
0 0.548206 0.706744 0.012558 0.018202
0 0.645694 0.819102 0.014457 0.018339