0 0.196350 0.217877 0.011138 0.017676
0 0.300941 0.543915 0.029996 0.035909
0 0.283139 0.123971 0.012402 0.018900
0 0.217549 0.041889 0.011310 0.015047
0 0.122899 0.051924 0.011065 0.017917
0 0.145557 0.930111 0.018296 0.027893
0 0.944940 0.426600 0.013184 0.016887
0 0.201892 0.041055 0.013071 0.017609
0 0.353837 0.316366 0.013321 0.018888
0 0.305684 0.197847 0.015152 0.019385
0 0.461186 0.516464 0.017949 0.023919
0 0.364505 0.131027 0.016186 0.022154
0 0.255150 0.212776 0.012364 0.019632
0 0.213323 0.098633 0.016293 0.022709
0 0.807299 0.645087 0.015752 0.026205
0 0.178718 0.374435 0.013883 0.018483
0 0.035644 0.515762 0.025049 0.037834
0 0.198946 0.440231 0.016315 0.023578
0 0.136438 0.254044 0.015932 0.021948
0 0.131461 0.487689 0.015163 0.020525
0 0.226496 0.867794 0.025171 0.036009