0 0.940747 0.085835 0.021001 0.024042
0 0.334741 0.595651 0.015848 0.020810
0 0.216340 0.858868 0.012611 0.019631
0 0.818720 0.128609 0.022382 0.030206
0 0.057870 0.835248 0.013125 0.018849
0 0.118241 0.644740 0.014411 0.019310
0 0.067901 0.229205 0.013610 0.022294
0 0.720209 0.056305 0.021518 0.028881
0 0.686700 0.526723 0.014503 0.021531
0 0.104648 0.582913 0.013981 0.016613
0 0.005430 0.638443 0.010859 0.016499
0 0.400954 0.431604 0.017163 0.019380
0 0.799149 0.846161 0.024884 0.040875
0 0.198893 0.748561 0.014773 0.021437