0 0.555593 0.503224 0.014704 0.020046
0 0.848849 0.102795 0.016971 0.021014
0 0.663073 0.353378 0.016563 0.022916
0 0.925197 0.054417 0.020489 0.022538
0 0.808589 0.304844 0.014827 0.019265
0 0.819327 0.057751 0.015146 0.014969
0 0.195568 0.979143 0.012664 0.017878
0 0.980857 0.076074 0.014506 0.023332
0 0.687717 0.372578 0.016248 0.021708
0 0.512409 0.918986 0.018725 0.025058
0 0.742090 0.197942 0.015807 0.018818
0 0.797432 0.419960 0.016203 0.023129
0 0.400449 0.810732 0.015481 0.017998
0 0.788007 0.199987 0.015847 0.019326
0 0.594684 0.324975 0.016092 0.019528
0 0.780666 0.157545 0.017351 0.021887
0 0.815127 0.106834 0.016435 0.020404
0 0.074151 0.696543 0.021879 0.026942
0 0.467364 0.533425 0.015919 0.022196
0 0.341236 0.625244 0.014697 0.019682
0 0.295719 0.873155 0.016046 0.017321
0 0.392094 0.176897 0.015799 0.021140
0 0.272539 0.843733 0.012911 0.017303
0 0.290209 0.749745 0.015811 0.020646
0 0.281542 0.950000 0.014592 0.024175
0 0.687400 0.209644 0.016624 0.022221
0 0.659342 0.298200 0.016685 0.021499
0 0.368128 0.627228 0.017097 0.024917
0 0.576027 0.294718 0.018582 0.022426
0 0.396910 0.575165 0.016114 0.020995
0 0.217208 0.744281 0.014836 0.019787
0 0.209266 0.622302 0.016510 0.020243
0 0.294085 0.802384 0.016921 0.024018
0 0.262226 0.428609 0.019032 0.022591
0 0.102718 0.810300 0.021734 0.028587