0 0.818106 0.099777 0.019769 0.028560
0 0.986556 0.586161 0.018604 0.025744
0 0.533268 0.656563 0.024724 0.032643
0 0.633962 0.805621 0.033562 0.061713
0 0.572903 0.151367 0.027577 0.029520
0 0.253744 0.761928 0.020264 0.028000
0 0.965116 0.097798 0.023280 0.040006
0 0.585646 0.324178 0.026081 0.033907
0 0.764577 0.541074 0.021892 0.033753
0 0.653040 0.371976 0.019756 0.029998
0 0.677710 0.530132 0.027803 0.041539
0 0.698635 0.224352 0.019341 0.026324
0 0.965709 0.473769 0.019293 0.023600
0 0.465790 0.265045 0.044775 0.042577
0 0.542814 0.814438 0.038379 0.050159