0 0.678757 0.694695 0.010638 0.015827
0 0.585822 0.768597 0.009970 0.015667
0 0.778197 0.679106 0.009555 0.015923
0 0.199775 0.386130 0.010796 0.015944
0 0.923288 0.789287 0.037248 0.053813
0 0.307812 0.901246 0.009813 0.015526
0 0.820232 0.883597 0.009776 0.014233
0 0.236761 0.491459 0.009842 0.015142
0 0.209290 0.338944 0.011397 0.015973
0 0.828045 0.772442 0.009938 0.016069
0 0.875065 0.885878 0.009851 0.016307
0 0.662356 0.546551 0.013344 0.018846
0 0.518564 0.521329 0.011581 0.017200
0 0.237887 0.257001 0.010272 0.015035
0 0.349376 0.860462 0.009734 0.015025
0 0.670593 0.922647 0.010040 0.017391
0 0.293657 0.604816 0.015894 0.025054
0 0.627875 0.628977 0.009791 0.014873
0 0.204394 0.470796 0.009780 0.014397
0 0.380981 0.313717 0.010480 0.016775
0 0.394452 0.441573 0.009399 0.015588
0 0.883847 0.839988 0.010314 0.014792
0 0.281163 0.561872 0.013455 0.017730
0 0.325635 0.559739 0.010395 0.015408
0 0.322692 0.901662 0.021947 0.028798
0 0.300214 0.444082 0.011709 0.016555
0 0.307842 0.305307 0.010932 0.015373
0 0.411757 0.886236 0.010309 0.016448
0 0.431151 0.956507 0.009307 0.014591
0 0.393483 0.736218 0.010524 0.016560
0 0.310629 0.336669 0.011635 0.018111
0 0.446293 0.806185 0.021419 0.030257
0 0.937771 0.896684 0.010465 0.016037
0 0.502870 0.043865 0.010252 0.020023
0 0.188691 0.921319 0.009608 0.015328
0 0.413799 0.864207 0.010449 0.017570
0 0.750023 0.782530 0.010158 0.017431
0 0.417332 0.406474 0.013509 0.021886
0 0.708248 0.620084 0.012043 0.016483
0 0.664310 0.791243 0.011211 0.016939
0 0.618425 0.847038 0.009516 0.015423
0 0.697075 0.872906 0.010750 0.017914
0 0.258001 0.780340 0.021929 0.029461
0 0.690848 0.754499 0.009968 0.015603
0 0.446856 0.919128 0.011380 0.018276
0 0.595697 0.740668 0.011149 0.016598
0 0.718975 0.712955 0.011448 0.015956