0 0.134236 0.507459 0.011153 0.025811
0 0.392789 0.737559 0.014079 0.023616
0 0.177975 0.505286 0.016113 0.031391
0 0.337772 0.611237 0.020630 0.031098
0 0.483858 0.194911 0.019334 0.027505
0 0.931313 0.166643 0.023527 0.044273
0 0.385050 0.063788 0.018007 0.042976
0 0.387947 0.024256 0.021620 0.043752
0 0.351748 0.486927 0.020761 0.042891
0 0.349776 0.526950 0.019372 0.044248
0 0.346835 0.573540 0.020548 0.053707
0 0.361277 0.370244 0.018129 0.043724
0 0.367493 0.258903 0.021060 0.041945
0 0.357661 0.408643 0.021613 0.040619
0 0.355821 0.447035 0.018737 0.043958
0 0.363054 0.333044 0.019750 0.039412
0 0.373846 0.180836 0.021374 0.041606
0 0.376599 0.143582 0.018159 0.043970
0 0.371794 0.218544 0.018404 0.046580
0 0.366235 0.294748 0.018218 0.044218
0 0.379561 0.105087 0.021660 0.045135