0 0.259987 0.781019 0.018324 0.022310
0 0.238205 0.835697 0.015810 0.022332
0 0.300703 0.905090 0.015501 0.021742
0 0.842000 0.285932 0.017238 0.025521
0 0.488328 0.957310 0.016033 0.023768
0 0.527851 0.364491 0.014614 0.024114
0 0.222972 0.868890 0.013749 0.018641
0 0.585823 0.847752 0.013263 0.020290
0 0.006915 0.848512 0.013829 0.026372
0 0.067475 0.059675 0.018533 0.035317
0 0.108111 0.722121 0.012882 0.019690
0 0.464002 0.026220 0.016660 0.020817
0 0.667880 0.614122 0.016339 0.024152
0 0.521644 0.511873 0.018303 0.026689
0 0.451855 0.118490 0.015073 0.024475
0 0.310056 0.833776 0.016459 0.019090
0 0.694958 0.773938 0.015881 0.023426
0 0.506171 0.678728 0.017368 0.023001
0 0.505881 0.192787 0.015207 0.020726
0 0.734082 0.312485 0.018038 0.026319
0 0.850679 0.017727 0.017426 0.023880
0 0.603441 0.313525 0.015226 0.024341
0 0.145285 0.096085 0.018383 0.029277
0 0.451243 0.221041 0.015866 0.021461
0 0.834872 0.591719 0.017860 0.028019
0 0.184191 0.049314 0.015885 0.026725
0 0.728984 0.463437 0.016261 0.024760
0 0.969625 0.481631 0.015799 0.021784