0 0.608011 0.901229 0.013576 0.017166
0 0.291998 0.136151 0.014173 0.020157
0 0.317640 0.228271 0.013790 0.018660
0 0.136202 0.261759 0.013671 0.017686
0 0.726138 0.313772 0.012727 0.017882
0 0.969483 0.940352 0.015513 0.016727
0 0.933124 0.729975 0.013456 0.019401
0 0.154376 0.147215 0.013298 0.016416
0 0.868633 0.734447 0.016368 0.021542
0 0.385350 0.191000 0.015092 0.020074
0 0.743432 0.348002 0.019875 0.024869
0 0.421293 0.498203 0.012333 0.017894
0 0.837597 0.688841 0.017537 0.023423
0 0.496520 0.602029 0.013786 0.019082
0 0.448812 0.173073 0.013936 0.018929
0 0.902025 0.748374 0.012761 0.016914
0 0.921019 0.851577 0.016400 0.021979
0 0.487187 0.029144 0.015682 0.018945
0 0.673334 0.061845 0.013420 0.021189
0 0.349442 0.441366 0.013662 0.016450
0 0.077127 0.281704 0.015174 0.021214
0 0.855295 0.571177 0.016712 0.020959
0 0.122156 0.146269 0.016093 0.021039
0 0.456041 0.410467 0.012671 0.016731
0 0.563607 0.156025 0.014275 0.018831
0 0.477590 0.263499 0.015699 0.021669
0 0.309449 0.613229 0.016196 0.020619
0 0.242139 0.043430 0.013568 0.017400
0 0.294368 0.566410 0.016594 0.021916
0 0.207906 0.433818 0.018426 0.020033
0 0.283595 0.162596 0.013268 0.021593
0 0.924973 0.967497 0.016596 0.018964
0 0.478971 0.135118 0.013101 0.019280
0 0.842614 0.023270 0.014993 0.020248
0 0.706810 0.247743 0.013143 0.018532
0 0.622030 0.351742 0.013804 0.019291
0 0.601128 0.826516 0.013882 0.016860
0 0.561879 0.046702 0.012873 0.017391
0 0.487564 0.169053 0.014194 0.020608
0 0.521232 0.187298 0.012338 0.018065
0 0.769642 0.195166 0.016063 0.024639
0 0.148722 0.105728 0.013635 0.019993
0 0.516394 0.345905 0.014270 0.018288
0 0.439268 0.302769 0.015095 0.019692
0 0.133455 0.398021 0.017331 0.023473
0 0.077784 0.203414 0.014864 0.021557
0 0.993533 0.039108 0.012735 0.022171
0 0.504800 0.238835 0.016109 0.022243
0 0.655727 0.021124 0.015394 0.024567
0 0.331791 0.404546 0.016480 0.018685
0 0.817823 0.062175 0.018960 0.030240
0 0.741693 0.229514 0.021610 0.025035
0 0.985778 0.184737 0.027838 0.037658
0 0.518892 0.039047 0.019900 0.022588
0 0.601614 0.134925 0.015822 0.027765
0 0.985815 0.421349 0.022973 0.031104
0 0.921469 0.068986 0.023387 0.026427