0 0.407911 0.220682 0.012270 0.016659
0 0.256603 0.989271 0.008321 0.012923
0 0.170697 0.239126 0.011589 0.013989
0 0.088901 0.177718 0.011766 0.016488
0 0.407542 0.768328 0.011310 0.013508
0 0.318949 0.943173 0.010207 0.012074
0 0.275168 0.474143 0.015359 0.022824
0 0.171763 0.914564 0.009743 0.011486
0 0.455030 0.729934 0.011215 0.013924
0 0.553269 0.177773 0.015278 0.026986
0 0.088301 0.423614 0.016968 0.021814
0 0.228100 0.964287 0.010520 0.011770
0 0.347706 0.516556 0.016112 0.027596
0 0.021052 0.233809 0.013694 0.017177
0 0.044835 0.165733 0.012715 0.020132
0 0.577877 0.421479 0.014927 0.021223
0 0.561876 0.442184 0.015610 0.022459