0 0.391969 0.315553 0.013745 0.022416
0 0.184952 0.114636 0.012732 0.020162
0 0.441274 0.611985 0.017778 0.032180
0 0.487587 0.028675 0.013647 0.022917
0 0.382046 0.185469 0.013604 0.022605
0 0.138467 0.715747 0.016450 0.028101
0 0.907758 0.228978 0.016523 0.027104
0 0.792034 0.698316 0.028883 0.065143
0 0.800812 0.629966 0.023413 0.039895
0 0.286266 0.171740 0.013407 0.025093
0 0.501167 0.100240 0.017630 0.030097
0 0.811285 0.363253 0.020800 0.030799
0 0.234856 0.180205 0.013853 0.024595
0 0.833806 0.565307 0.019052 0.033367
0 0.219797 0.411741 0.014205 0.029724
0 0.599725 0.019095 0.017108 0.031172
0 0.573380 0.279293 0.021237 0.040414