0 0.441115 0.513462 0.011513 0.019140
0 0.146798 0.305095 0.013495 0.019213
0 0.097754 0.267111 0.012275 0.019143
0 0.153762 0.654996 0.008626 0.016794
0 0.211773 0.475431 0.009139 0.017514
0 0.157300 0.282388 0.009902 0.018437
0 0.178920 0.813998 0.009128 0.020802
0 0.150353 0.526119 0.014156 0.018611
0 0.394766 0.603270 0.013200 0.018567
0 0.193486 0.621776 0.011666 0.017312
0 0.191361 0.966324 0.012543 0.019623
0 0.224397 0.473151 0.014276 0.020652
0 0.146324 0.467456 0.015352 0.022459
0 0.672987 0.592193 0.021777 0.042176