0 0.737647 0.259788 0.010862 0.012268
0 0.864292 0.908040 0.009979 0.013471
0 0.330440 0.510701 0.011874 0.014873
0 0.142325 0.280291 0.012204 0.021813
0 0.962230 0.063742 0.045721 0.034066
0 0.704356 0.275193 0.009318 0.013071
0 0.410942 0.632568 0.009388 0.013194
0 0.404898 0.353738 0.011278 0.015194
0 0.922335 0.976831 0.009870 0.016223
0 0.899463 0.936494 0.009977 0.013657
0 0.304096 0.479644 0.013500 0.017806
0 0.049253 0.991831 0.022918 0.014712
0 0.387417 0.478063 0.012339 0.014274
0 0.747283 0.534865 0.009555 0.011880
0 0.475052 0.090448 0.010079 0.014327
0 0.789267 0.075957 0.019555 0.029279
0 0.462793 0.007111 0.011432 0.013011
0 0.151018 0.982022 0.011209 0.013435
0 0.456850 0.139050 0.011091 0.016449
0 0.213057 0.573025 0.012065 0.014333
0 0.203309 0.214650 0.011014 0.013915
0 0.029182 0.741113 0.013393 0.014219
0 0.239741 0.330238 0.014477 0.016597
0 0.901786 0.262319 0.010402 0.014498
0 0.132053 0.712625 0.014661 0.016505
0 0.289288 0.817104 0.014586 0.016258
0 0.239803 0.254635 0.013939 0.019627
0 0.683267 0.853298 0.012687 0.012739
0 0.687689 0.834845 0.011287 0.011938
0 0.578768 0.326498 0.012434 0.014014
0 0.056525 0.289089 0.011370 0.016271
0 0.232135 0.532549 0.012845 0.016410
0 0.644316 0.351072 0.010960 0.011836
0 0.610436 0.340858 0.009635 0.013397
0 0.430892 0.048456 0.014954 0.017064
0 0.195294 0.885018 0.018237 0.015700
0 0.503521 0.051601 0.012660 0.016541
0 0.781201 0.415499 0.013375 0.015445
0 0.673939 0.865585 0.012349 0.012785
0 0.892513 0.230097 0.012287 0.018237
0 0.469661 0.680558 0.012481 0.014961
0 0.804145 0.177522 0.015532 0.018940
0 0.051648 0.497650 0.018691 0.027736
0 0.390718 0.655282 0.011113 0.014447
0 0.045255 0.698982 0.019783 0.020987
0 0.782185 0.871994 0.016101 0.014444
0 0.772567 0.017581 0.024959 0.024417
0 0.182801 0.586732 0.014565 0.017566
0 0.148583 0.825775 0.026096 0.032660
0 0.451157 0.729732 0.013332 0.015636
0 0.195363 0.745255 0.027525 0.023918
0 0.474114 0.810422 0.013916 0.016059
0 0.410138 0.940836 0.012909 0.014265
0 0.814338 0.745408 0.016092 0.015836
0 0.321802 0.841663 0.016503 0.020485
0 0.421898 0.685683 0.016552 0.018903
0 0.574435 0.524798 0.017903 0.018722
0 0.666598 0.610038 0.016112 0.015794