0 0.722124 0.908571 0.011677 0.016769
0 0.799151 0.930511 0.010805 0.017123
0 0.929222 0.544803 0.011054 0.020342
0 0.853437 0.313597 0.012507 0.019118
0 0.743508 0.220375 0.013789 0.021124
0 0.248339 0.636864 0.014634 0.019643
0 0.291629 0.632865 0.013130 0.021452
0 0.815601 0.326520 0.011389 0.020370
0 0.983172 0.873036 0.013494 0.018926
0 0.214495 0.596680 0.014112 0.019752
0 0.783277 0.838420 0.012389 0.019057
0 0.567769 0.439870 0.012070 0.018481
0 0.974808 0.845657 0.014399 0.017953
0 0.943405 0.742799 0.012425 0.017570
0 0.707608 0.872482 0.013530 0.020922
0 0.818764 0.499606 0.014607 0.020367
0 0.752561 0.362091 0.012668 0.018873
0 0.914595 0.808513 0.013467 0.019888
0 0.572592 0.414581 0.012815 0.019385
0 0.641223 0.513672 0.015428 0.021387
0 0.786975 0.863800 0.012245 0.017378
0 0.891719 0.349334 0.014106 0.017346
0 0.934538 0.655240 0.012261 0.017575
0 0.883226 0.754854 0.013280 0.019272
0 0.806706 0.684351 0.014609 0.019855
0 0.630215 0.368849 0.016101 0.019439
0 0.393099 0.482935 0.015851 0.021591
0 0.698966 0.383449 0.016638 0.021999
0 0.736263 0.488246 0.012437 0.018802