0 0.970746 0.019323 0.023473 0.031723
0 0.111313 0.254373 0.019215 0.036175
0 0.145087 0.162174 0.021204 0.042461
0 0.934909 0.206527 0.026393 0.039524
0 0.904542 0.223274 0.026072 0.048139
0 0.026588 0.277028 0.030267 0.047230
0 0.223299 0.125098 0.023303 0.041905
0 0.086887 0.085435 0.025072 0.037339
0 0.283948 0.223837 0.024009 0.036628
0 0.047346 0.105534 0.026435 0.040861
0 0.794469 0.605609 0.029106 0.048712
0 0.179567 0.118212 0.040847 0.055314
0 0.703397 0.167619 0.030511 0.042901
0 0.416711 0.016235 0.033174 0.032470
0 0.324425 0.493125 0.035860 0.061784
0 0.441323 0.349164 0.040130 0.071339
0 0.342633 0.039198 0.042562 0.049308
0 0.636460 0.310458 0.034691 0.057738
0 0.901868 0.639377 0.047044 0.064860
0 0.750807 0.590519 0.056332 0.078797
0 0.087628 0.024003 0.043545 0.047395
0 0.452855 0.098405 0.045175 0.056886
0 0.775212 0.298105 0.028683 0.053753
0 0.597261 0.186067 0.034025 0.075051
0 0.972145 0.264269 0.044966 0.060502
0 0.925241 0.304224 0.027135 0.039954