0 0.637135 0.786977 0.009512 0.014449
0 0.550901 0.313782 0.010571 0.015529
0 0.567643 0.654236 0.010754 0.017511
0 0.704884 0.381552 0.012010 0.017179
0 0.668357 0.500719 0.010243 0.014348
0 0.856136 0.089501 0.009842 0.013433
0 0.761502 0.724764 0.010566 0.016728
0 0.741768 0.201434 0.012273 0.016485
0 0.695012 0.274252 0.009982 0.014725
0 0.942961 0.800600 0.012180 0.018160
0 0.512208 0.659752 0.012496 0.015379
0 0.575370 0.511933 0.011029 0.018081
0 0.978367 0.438043 0.010750 0.016267
0 0.501045 0.465906 0.010593 0.016430
0 0.749868 0.950397 0.010861 0.013949
0 0.760694 0.361276 0.010558 0.015388
0 0.594610 0.372354 0.010616 0.014052
0 0.567870 0.618092 0.010195 0.017660
0 0.875799 0.869862 0.009245 0.013675
0 0.683246 0.633528 0.009761 0.015073
0 0.678570 0.399808 0.011089 0.014636
0 0.781861 0.375645 0.012270 0.017305
0 0.423350 0.779178 0.015017 0.018026
0 0.408866 0.351187 0.011070 0.013791
0 0.627113 0.138972 0.011125 0.017890
0 0.876549 0.121273 0.011199 0.015305
0 0.945720 0.704490 0.009955 0.014125
0 0.886223 0.136238 0.010543 0.016539
0 0.700955 0.626593 0.011411 0.016510
0 0.986033 0.465042 0.010189 0.015860
0 0.677694 0.841824 0.009844 0.015768
0 0.964569 0.890126 0.010379 0.014756
0 0.802359 0.410792 0.010193 0.014086
0 0.611824 0.289511 0.010424 0.013250
0 0.792131 0.556151 0.009597 0.015899
0 0.865053 0.658446 0.011240 0.016070
0 0.729963 0.935744 0.011711 0.016694
0 0.724528 0.633934 0.010420 0.016847
0 0.838224 0.229699 0.010957 0.015442
0 0.747036 0.467957 0.010494 0.014009
0 0.794420 0.875485 0.012506 0.015953
0 0.672243 0.604064 0.012076 0.015525
0 0.949488 0.229037 0.011350 0.014581
0 0.404771 0.553319 0.010203 0.015124
0 0.689891 0.700765 0.011173 0.016616
0 0.909839 0.113137 0.010252 0.017317
0 0.963704 0.342495 0.012658 0.016671
0 0.445210 0.494175 0.010132 0.014475
0 0.653926 0.526081 0.010561 0.016426
0 0.779404 0.742528 0.011453 0.018642
0 0.744291 0.584868 0.011620 0.016011
0 0.847422 0.415233 0.010749 0.018003
0 0.642042 0.647847 0.011483 0.017709
0 0.772517 0.815631 0.010258 0.014355
0 0.619051 0.263317 0.011988 0.018451