0 0.511981 0.170562 0.023494 0.035851
0 0.651494 0.512536 0.010405 0.016673
0 0.661495 0.591026 0.012654 0.016922
0 0.616447 0.465739 0.011121 0.017563
0 0.259954 0.091026 0.012186 0.016407
0 0.041451 0.008803 0.013234 0.017225
0 0.520786 0.534415 0.011147 0.016013
0 0.300914 0.104288 0.013142 0.018830
0 0.198722 0.169580 0.014576 0.023467
0 0.234040 0.078689 0.012266 0.018359
0 0.428336 0.826917 0.028384 0.040421
0 0.946479 0.685842 0.013254 0.018338
0 0.456887 0.607668 0.012883 0.017897
0 0.637122 0.158534 0.023611 0.032516
0 0.606151 0.579808 0.011540 0.016462
0 0.216289 0.211094 0.014167 0.018889
0 0.140635 0.204307 0.014315 0.018152
0 0.269849 0.491790 0.015260 0.020257
0 0.396437 0.463389 0.013305 0.018505
0 0.030272 0.250017 0.012190 0.021055
0 0.360353 0.589398 0.015290 0.019960