0 0.528151 0.266080 0.015288 0.017736
0 0.539424 0.250509 0.015664 0.025102
0 0.353826 0.246314 0.014346 0.019771
0 0.554315 0.100350 0.017068 0.024119
0 0.342563 0.193757 0.013949 0.019779
0 0.323969 0.254245 0.014298 0.021274
0 0.227016 0.922471 0.020898 0.030377
0 0.630468 0.070995 0.017341 0.022576
0 0.306631 0.323546 0.014694 0.019037
0 0.473210 0.635246 0.018606 0.026061
0 0.414845 0.404375 0.015824 0.021209
0 0.404555 0.191074 0.017598 0.021505
0 0.654475 0.140581 0.014813 0.020223
0 0.283663 0.354941 0.017195 0.021959
0 0.367456 0.118296 0.018503 0.021844
0 0.229665 0.086565 0.016610 0.022040
0 0.330218 0.365000 0.019862 0.023621
0 0.492308 0.060282 0.017150 0.024844
0 0.407416 0.074182 0.016651 0.020126
0 0.625399 0.369428 0.017804 0.021762
0 0.520666 0.176449 0.017416 0.022867
0 0.546510 0.466796 0.027901 0.026749
0 0.581321 0.317517 0.025347 0.022712