0 0.384611 0.039219 0.011284 0.016241
0 0.351251 0.860260 0.013091 0.017320
0 0.057328 0.183743 0.008021 0.009297
0 0.489535 0.019510 0.013853 0.015587
0 0.458799 0.741654 0.012390 0.013721
0 0.224203 0.309827 0.009829 0.012596
0 0.149182 0.167604 0.008490 0.009962
0 0.864374 0.425917 0.009956 0.014559
0 0.363410 0.574094 0.008991 0.013574
0 0.351499 0.503707 0.010169 0.013037
0 0.437813 0.245383 0.011326 0.013496
0 0.137488 0.574808 0.010248 0.019317
0 0.438338 0.349074 0.008430 0.012650
0 0.529804 0.168340 0.009831 0.012709
0 0.164253 0.459975 0.014699 0.017730
0 0.078949 0.304409 0.009246 0.011528
0 0.173947 0.233624 0.008543 0.011855
0 0.448914 0.653619 0.013035 0.013981
0 0.771551 0.600259 0.009762 0.012516
0 0.146767 0.136650 0.014459 0.016481
0 0.567368 0.495747 0.015953 0.014471
0 0.588295 0.284254 0.013069 0.012809
0 0.780808 0.769712 0.037754 0.053943
0 0.675971 0.562042 0.020362 0.030463
0 0.801592 0.297035 0.010421 0.012404
0 0.346176 0.412928 0.028667 0.026339
0 0.786735 0.264114 0.009616 0.013812