0 0.388417 0.167851 0.017279 0.037126
0 0.708000 0.171680 0.013501 0.025576
0 0.932081 0.546026 0.015128 0.027526
0 0.256935 0.270572 0.026664 0.050051
0 0.271364 0.010749 0.023567 0.021498
0 0.651709 0.153761 0.020752 0.032950
0 0.700893 0.316020 0.015245 0.031254
0 0.338659 0.204862 0.020962 0.043339
0 0.612574 0.014961 0.015743 0.027264
0 0.122169 0.162065 0.021767 0.041058
0 0.074516 0.077932 0.030461 0.048223
0 0.146398 0.821629 0.020250 0.039583
0 0.385312 0.452653 0.031706 0.053016
0 0.296588 0.728861 0.045730 0.075124
0 0.606696 0.318284 0.029243 0.055636
0 0.578375 0.960140 0.053681 0.079620