0 0.131031 0.366088 0.011968 0.017407
0 0.535502 0.103125 0.016076 0.021501
0 0.196583 0.481419 0.014800 0.020396
0 0.557178 0.538413 0.017094 0.022581
0 0.370533 0.869914 0.014259 0.018663
0 0.329294 0.876728 0.014461 0.019085
0 0.737944 0.863468 0.013668 0.020623
0 0.643621 0.908494 0.012810 0.018354
0 0.244747 0.366180 0.015696 0.022668
0 0.054312 0.365026 0.016317 0.023876
0 0.268326 0.177139 0.015947 0.020112
0 0.315956 0.226625 0.013703 0.020263
0 0.442922 0.717360 0.017053 0.023329
0 0.292012 0.359625 0.014306 0.021229
0 0.356177 0.778149 0.015438 0.020592
0 0.416918 0.545119 0.014580 0.022192
0 0.685920 0.526861 0.023091 0.027406
0 0.076512 0.545032 0.016189 0.020794
0 0.091307 0.169719 0.020820 0.029215
0 0.787072 0.974237 0.014054 0.018585
0 0.730361 0.969446 0.015432 0.019538
0 0.163450 0.022878 0.019107 0.020897
0 0.283203 0.081086 0.016164 0.020141
0 0.655229 0.859629 0.017955 0.024228
0 0.623278 0.338639 0.015739 0.022748
0 0.652624 0.335431 0.017784 0.023969
0 0.363712 0.027885 0.015703 0.022492
0 0.528706 0.066557 0.022805 0.027529
0 0.217375 0.093628 0.017459 0.021614