0 0.259347 0.565255 0.016345 0.024311
0 0.703801 0.637410 0.018832 0.026872
0 0.546729 0.839061 0.030366 0.039031
0 0.426039 0.372958 0.018703 0.031381
0 0.708974 0.827414 0.022403 0.031414
0 0.428964 0.620402 0.018239 0.028181
0 0.152041 0.984710 0.025825 0.030580
0 0.219427 0.660902 0.018452 0.027843
0 0.264961 0.084731 0.016073 0.024777
0 0.311085 0.655834 0.019347 0.027323
0 0.548547 0.718122 0.032715 0.062515
0 0.377248 0.386294 0.027928 0.035701
0 0.061568 0.883548 0.030866 0.042155
0 0.300142 0.703788 0.020946 0.025319
0 0.836066 0.614663 0.020035 0.030195
0 0.399341 0.214498 0.022964 0.036106
0 0.154222 0.467056 0.021740 0.031229