0 0.910561 0.082763 0.018964 0.025809
0 0.190604 0.488743 0.023171 0.031064
0 0.736737 0.015878 0.020720 0.029421
0 0.738135 0.618871 0.020275 0.031619
0 0.886096 0.061873 0.022689 0.032897
0 0.915122 0.174911 0.016623 0.021292
0 0.845894 0.646616 0.018938 0.026709
0 0.657107 0.105770 0.017608 0.024831
0 0.706059 0.293346 0.019065 0.025308
0 0.708599 0.226640 0.019700 0.023926
0 0.730766 0.199715 0.019391 0.026764
0 0.899545 0.138785 0.024143 0.030453
0 0.491044 0.695282 0.019937 0.024394
0 0.918717 0.426787 0.022878 0.030155
0 0.648682 0.943005 0.022780 0.032148
0 0.785641 0.322267 0.024445 0.032314
0 0.561985 0.288492 0.028144 0.036096
0 0.848077 0.189540 0.031654 0.031513
0 0.957744 0.633624 0.038483 0.042955
0 0.956882 0.375879 0.030902 0.041902
0 0.719081 0.504934 0.027071 0.030217
0 0.397717 0.714632 0.021432 0.034024
0 0.495798 0.987308 0.027165 0.025141
0 0.585150 0.520331 0.038149 0.038174
0 0.478217 0.659948 0.030506 0.031047
0 0.629057 0.632474 0.037396 0.049553