0 0.098013 0.575795 0.010687 0.017559
0 0.349615 0.829224 0.013393 0.018950
0 0.454125 0.954429 0.015125 0.025985
0 0.357612 0.948887 0.011953 0.019282
0 0.346444 0.870899 0.012430 0.018553
0 0.734628 0.954776 0.010758 0.017440
0 0.021011 0.444421 0.013508 0.021518
0 0.858003 0.768056 0.012945 0.018258
0 0.421024 0.574632 0.011721 0.019367
0 0.159787 0.706487 0.013356 0.019640
0 0.121090 0.504633 0.019252 0.021191
0 0.776768 0.885618 0.011884 0.019183
0 0.133301 0.586712 0.014841 0.021909
0 0.811607 0.842790 0.012590 0.019259
0 0.851112 0.240764 0.014205 0.020143
0 0.517863 0.989781 0.013290 0.017228
0 0.006340 0.212804 0.010446 0.022340
0 0.310439 0.463799 0.012304 0.019520
0 0.464344 0.991508 0.014878 0.016541
0 0.268190 0.414282 0.013198 0.019211
0 0.822288 0.786132 0.013489 0.020308
0 0.352704 0.366336 0.012787 0.019183
0 0.230681 0.398383 0.013952 0.023751
0 0.697284 0.723435 0.014119 0.019868
0 0.596453 0.745887 0.014047 0.021388
0 0.707091 0.673531 0.012465 0.020485
0 0.319691 0.878819 0.015237 0.022911
0 0.095527 0.215136 0.016259 0.024107
0 0.763091 0.663574 0.013275 0.019768
0 0.856869 0.722339 0.014692 0.022131
0 0.856809 0.289510 0.018313 0.026102
0 0.582592 0.784786 0.016024 0.019869
0 0.474930 0.644722 0.016448 0.023173