0 0.875521 0.616217 0.017834 0.031626
0 0.950795 0.029117 0.035906 0.057556
0 0.116020 0.855229 0.022415 0.035004
0 0.654787 0.975846 0.021288 0.036766
0 0.455472 0.884685 0.020568 0.034813
0 0.421104 0.764963 0.023624 0.033538
0 0.936770 0.854600 0.026624 0.070845
0 0.661806 0.482762 0.034231 0.051523
0 0.548005 0.787970 0.021335 0.034224
0 0.359263 0.851693 0.025424 0.038000
0 0.209407 0.895199 0.028412 0.048326
0 0.560697 0.880309 0.025838 0.039578
0 0.138893 0.930239 0.033618 0.050082
0 0.969177 0.678680 0.030563 0.045048
0 0.603505 0.555679 0.033748 0.050362