0 0.167584 0.223591 0.040245 0.048252
0 0.243172 0.671478 0.025556 0.047252
0 0.361020 0.315149 0.030892 0.044890
0 0.474177 0.740144 0.028292 0.047808
0 0.247623 0.337404 0.035653 0.045864
0 0.490749 0.709698 0.034649 0.042747
0 0.748304 0.681927 0.050062 0.066262
0 0.362770 0.141545 0.018935 0.032761
0 0.310086 0.806673 0.038661 0.069099
0 0.466302 0.414292 0.030477 0.053780
0 0.471850 0.808317 0.023209 0.039885
0 0.269317 0.195454 0.049376 0.062671
0 0.375342 0.244346 0.023599 0.043756
0 0.584790 0.962158 0.029118 0.049592
0 0.589659 0.701415 0.038028 0.053791
0 0.707424 0.091804 0.022453 0.031397
0 0.637941 0.977910 0.029074 0.043932
0 0.481097 0.916338 0.036044 0.054003
0 0.341493 0.202415 0.024332 0.049346
0 0.015961 0.271543 0.020708 0.032678
0 0.515417 0.853756 0.033021 0.061085
0 0.062892 0.934535 0.020183 0.041216
0 0.610146 0.980886 0.033718 0.037825
0 0.078235 0.684713 0.019919 0.035668
0 0.865847 0.476191 0.030673 0.044918
0 0.444399 0.461711 0.032205 0.044302
0 0.406763 0.443818 0.022869 0.042587
0 0.062070 0.543523 0.023575 0.044714
0 0.577507 0.399932 0.028634 0.040646
0 0.750893 0.911914 0.031105 0.060800
0 0.443276 0.748957 0.038057 0.049947
0 0.327976 0.582580 0.036574 0.052214
0 0.082335 0.872110 0.018277 0.031479
0 0.321215 0.145857 0.035270 0.069142
0 0.098131 0.539405 0.037071 0.047365
0 0.894011 0.152301 0.021206 0.039613
0 0.640796 0.843452 0.031460 0.062240
0 0.560901 0.910707 0.041211 0.071409
0 0.832636 0.682902 0.046465 0.037037
0 0.307241 0.250904 0.026089 0.047372
0 0.275327 0.278254 0.032059 0.049866
0 0.644820 0.676607 0.057019 0.103769
0 0.401464 0.580927 0.027390 0.040222
0 0.663569 0.584361 0.056019 0.087048
0 0.808375 0.577900 0.037599 0.057431
0 0.836960 0.738392 0.035688 0.047968
0 0.981649 0.947165 0.035046 0.062252
0 0.069203 0.642034 0.025753 0.033815
0 0.370017 0.381483 0.033876 0.048895
0 0.174227 0.452375 0.036519 0.060906
0 0.440810 0.254226 0.038278 0.051426
0 0.954550 0.756525 0.040224 0.048039
0 0.707858 0.257121 0.039785 0.049428
0 0.565229 0.253579 0.037417 0.057368
0 0.454716 0.323803 0.037251 0.063465
0 0.279924 0.424648 0.065136 0.084999
0 0.178445 0.534768 0.065987 0.078926
0 0.216109 0.409840 0.038783 0.077470
0 0.386106 0.330644 0.029360 0.057793
0 0.789614 0.684097 0.042790 0.044229