0 0.599011 0.548562 0.014725 0.021758
0 0.617516 0.297786 0.012517 0.018163
0 0.398400 0.465011 0.012602 0.020674
0 0.053217 0.544894 0.013344 0.021096
0 0.344315 0.367384 0.013550 0.020517
0 0.362226 0.066184 0.014559 0.021717
0 0.576949 0.218981 0.020373 0.028394
0 0.194009 0.126222 0.014059 0.019134
0 0.064317 0.204107 0.014801 0.022888
0 0.877042 0.408687 0.014355 0.017325
0 0.835749 0.097601 0.013953 0.019323
0 0.559594 0.177928 0.016366 0.020332
0 0.296246 0.313818 0.016794 0.025095
0 0.842380 0.398727 0.013413 0.017893
0 0.660060 0.502832 0.022277 0.026086
0 0.352522 0.810048 0.013248 0.018526
0 0.966850 0.431807 0.011389 0.016052
0 0.742000 0.149587 0.014089 0.019699
0 0.512223 0.206698 0.030733 0.033755
0 0.638443 0.467090 0.013632 0.021660
0 0.970708 0.465776 0.012433 0.018903
0 0.822674 0.218731 0.013529 0.020268
0 0.379306 0.118693 0.017046 0.025188
0 0.451257 0.116257 0.015421 0.021649
0 0.698463 0.033797 0.014496 0.018963
0 0.953375 0.265251 0.012243 0.018272
0 0.778097 0.054953 0.015259 0.023725
0 0.643183 0.240671 0.015653 0.020838
0 0.707962 0.401704 0.013066 0.018906
0 0.508380 0.360999 0.016123 0.021878
0 0.910824 0.458598 0.014341 0.021111
0 0.761311 0.206325 0.015586 0.022402