0 0.446911 0.230765 0.022983 0.052059
0 0.898443 0.303207 0.035037 0.056688
0 0.627096 0.435540 0.016038 0.031193
0 0.772641 0.244519 0.017804 0.047488
0 0.880300 0.510740 0.028534 0.074539
0 0.813577 0.286736 0.030148 0.060600
0 0.063281 0.296889 0.015682 0.035195
0 0.533116 0.435620 0.019486 0.043176
0 0.972015 0.326772 0.032477 0.064401
0 0.749765 0.186233 0.031450 0.053875
0 0.669869 0.136337 0.030021 0.075057
0 0.466615 0.115412 0.029624 0.051728
0 0.359745 0.258172 0.013956 0.030866
0 0.075978 0.330480 0.016934 0.037041
0 0.372032 0.482056 0.019045 0.039162
0 0.622082 0.213528 0.034015 0.048992
0 0.548848 0.112962 0.019410 0.031931
0 0.419003 0.445172 0.019907 0.045699
0 0.338121 0.206265 0.023191 0.039637
0 0.498584 0.216211 0.021624 0.036911
0 0.309672 0.306212 0.023051 0.048458