0 0.271394 0.630224 0.016439 0.018434
0 0.248795 0.176289 0.023507 0.023315
0 0.172291 0.590233 0.013741 0.017667
0 0.558835 0.104804 0.027466 0.024865
0 0.374551 0.061023 0.019194 0.019272
0 0.208844 0.544850 0.017228 0.019983
0 0.280784 0.130308 0.021471 0.019554
0 0.399929 0.196983 0.017513 0.022089
0 0.335051 0.325165 0.015690 0.018741
0 0.401082 0.172359 0.018239 0.023966
0 0.633204 0.682689 0.019554 0.023609
0 0.461140 0.063271 0.019473 0.019886
0 0.450660 0.587496 0.030595 0.025596
0 0.337116 0.356446 0.016479 0.023825
0 0.612471 0.075841 0.019172 0.023052
0 0.451907 0.354151 0.025455 0.025416
0 0.658762 0.217412 0.022749 0.023885
0 0.279366 0.713517 0.031795 0.033054
0 0.508242 0.186192 0.022529 0.024995
0 0.510980 0.134482 0.026812 0.027181
0 0.715945 0.066417 0.021259 0.029740
0 0.564790 0.156499 0.037344 0.030698
0 0.575047 0.328566 0.022705 0.026398
0 0.678967 0.373386 0.035456 0.032960