0 0.191716 0.074838 0.016191 0.026908
0 0.373562 0.025174 0.017340 0.030135
0 0.856709 0.462149 0.034835 0.056959
0 0.572502 0.331641 0.017898 0.033656
0 0.357448 0.009855 0.017996 0.019710
0 0.095385 0.117290 0.016296 0.026615
0 0.598358 0.293464 0.018314 0.030584
0 0.100356 0.067502 0.019187 0.031191
0 0.064182 0.188875 0.016371 0.026951
0 0.272897 0.014812 0.016319 0.025843
0 0.655910 0.025319 0.019539 0.035654
0 0.547894 0.171560 0.020616 0.039466
0 0.443308 0.356838 0.019781 0.037915
0 0.553161 0.269733 0.018548 0.030650
0 0.045315 0.454043 0.021606 0.034939
0 0.505313 0.258592 0.018027 0.029882
0 0.255330 0.059670 0.019359 0.033550
0 0.200289 0.042577 0.019397 0.032711
0 0.810985 0.856359 0.023423 0.041562
0 0.359124 0.287090 0.020766 0.043436
0 0.304125 0.158313 0.018825 0.038263
0 0.575325 0.012254 0.031214 0.024507
0 0.510764 0.481591 0.022852 0.036966
0 0.491998 0.321073 0.020832 0.037667
0 0.288436 0.722206 0.022176 0.038324
0 0.291933 0.329535 0.024420 0.039843
0 0.202271 0.503398 0.025481 0.038224
0 0.284248 0.427805 0.027558 0.045283