0 0.191365 0.927965 0.020882 0.040300
0 0.303485 0.263140 0.020059 0.040702
0 0.383234 0.139892 0.018477 0.036756
0 0.784863 0.171967 0.026996 0.054345
0 0.279049 0.272075 0.019406 0.036439
0 0.291165 0.135978 0.019508 0.037996
0 0.340465 0.447633 0.026980 0.051896
0 0.369325 0.172138 0.030679 0.054989
0 0.202756 0.208398 0.020980 0.042141
0 0.037011 0.853103 0.029458 0.054627
0 0.096405 0.985553 0.028105 0.028894
0 0.287405 0.452980 0.033347 0.067137
0 0.426222 0.395187 0.026890 0.051404
0 0.651313 0.365868 0.029073 0.042237
0 0.720363 0.291667 0.035020 0.058219
0 0.638429 0.607306 0.035020 0.059361
0 0.770911 0.633562 0.025109 0.041096
0 0.724988 0.133562 0.025770 0.052511