0 0.205119 0.296477 0.010190 0.016532
0 0.608766 0.323996 0.009274 0.013735
0 0.718372 0.357673 0.011293 0.014658
0 0.457455 0.522990 0.012738 0.025900
0 0.848877 0.025799 0.011963 0.015399
0 0.296453 0.401489 0.011125 0.016068
0 0.517916 0.268848 0.008781 0.014398
0 0.568397 0.811532 0.011434 0.012998
0 0.218715 0.632560 0.010604 0.014431
0 0.467856 0.556587 0.010603 0.014262
0 0.683640 0.278887 0.010914 0.014320
0 0.224716 0.462012 0.011052 0.017228
0 0.943724 0.781013 0.010859 0.014093
0 0.528858 0.861583 0.010329 0.017490
0 0.739205 0.849313 0.011324 0.014952
0 0.451032 0.291718 0.009755 0.012571
0 0.887937 0.335989 0.013382 0.017687
0 0.512698 0.558635 0.009173 0.013200
0 0.688669 0.634759 0.012595 0.017040
0 0.931594 0.363490 0.013842 0.019173
0 0.839116 0.785824 0.009857 0.013532
0 0.628261 0.409831 0.009890 0.013825
0 0.416881 0.408810 0.011406 0.015937
0 0.750551 0.751923 0.011142 0.016059
0 0.307858 0.604471 0.011310 0.016475
0 0.558696 0.411024 0.010618 0.015294
0 0.145789 0.650378 0.009405 0.014354
0 0.266449 0.852993 0.008815 0.012642
0 0.859639 0.425697 0.011043 0.016319
0 0.814677 0.298706 0.009583 0.015784
0 0.417500 0.874227 0.009708 0.014090
0 0.293259 0.482872 0.010389 0.015144
0 0.436224 0.490269 0.011908 0.017342
0 0.271188 0.736999 0.010122 0.016190
0 0.426769 0.526092 0.011874 0.017523
0 0.702921 0.431685 0.010585 0.013879
0 0.084381 0.716500 0.012214 0.018039
0 0.636881 0.547584 0.011762 0.016230
0 0.020317 0.776149 0.010166 0.015973
0 0.231830 0.536381 0.013091 0.017330
0 0.205502 0.729590 0.009444 0.014271
0 0.045756 0.910098 0.016647 0.016307
0 0.300859 0.723284 0.014145 0.021212
0 0.256559 0.615731 0.011292 0.016482
0 0.491896 0.953396 0.009725 0.014329
0 0.660683 0.832643 0.021558 0.032330
0 0.167152 0.798802 0.010014 0.017538
0 0.845080 0.833947 0.013288 0.019197
0 0.384242 0.533799 0.011620 0.015946
0 0.294609 0.881151 0.010622 0.016800
0 0.107951 0.884579 0.013248 0.017199
0 0.173025 0.692534 0.010815 0.016493
0 0.199176 0.856034 0.011472 0.017365