0 0.439974 0.383468 0.013919 0.021877
0 0.340653 0.550860 0.011047 0.014749
0 0.583704 0.659092 0.011096 0.015196
0 0.447360 0.853645 0.014212 0.017595
0 0.508896 0.009064 0.032660 0.018127
0 0.126184 0.124739 0.016388 0.018405
0 0.274624 0.267692 0.018689 0.019366
0 0.369104 0.129100 0.011862 0.014001
0 0.381769 0.461724 0.011636 0.016992
0 0.825679 0.305297 0.013728 0.023213
0 0.344058 0.803800 0.046034 0.035979
0 0.393541 0.567708 0.014182 0.017691
0 0.631906 0.290030 0.028201 0.030858
0 0.272628 0.099470 0.014270 0.016108
0 0.061491 0.113975 0.012152 0.015807
0 0.461353 0.180809 0.012328 0.015300
0 0.570964 0.032993 0.010559 0.013241
0 0.549983 0.100235 0.014801 0.018280
0 0.385283 0.228269 0.011756 0.014174
0 0.348231 0.012265 0.015121 0.022421
0 0.240123 0.098710 0.013245 0.014495
0 0.064857 0.081007 0.013961 0.015506
0 0.419653 0.729686 0.019260 0.023671
0 0.075135 0.152081 0.021072 0.018792
0 0.704282 0.446951 0.027230 0.028627
0 0.166418 0.069642 0.011992 0.017154
0 0.275136 0.956159 0.012332 0.019289
0 0.486143 0.925111 0.018140 0.015568
0 0.211572 0.099122 0.015356 0.016694
0 0.123556 0.220427 0.016733 0.017849
0 0.100888 0.397199 0.019446 0.019115
0 0.559766 0.823009 0.017535 0.017252
0 0.197867 0.173934 0.021784 0.024937
0 0.409973 0.375705 0.011245 0.015214
0 0.306619 0.197229 0.022337 0.019508
0 0.155454 0.510666 0.017276 0.018802
0 0.502466 0.106828 0.015533 0.016414
0 0.334942 0.487161 0.015730 0.016759
0 0.814139 0.975535 0.019569 0.021021
0 0.960865 0.298580 0.017779 0.024002
0 0.396158 0.157576 0.015808 0.018619
0 0.513984 0.665953 0.016214 0.019745
0 0.486623 0.865718 0.019125 0.021174
0 0.243709 0.146188 0.017386 0.023131
0 0.427244 0.815720 0.024574 0.021838
0 0.323393 0.700498 0.026179 0.024176
0 0.667159 0.470472 0.016851 0.020395
0 0.831411 0.816284 0.029970 0.031573
0 0.588466 0.737851 0.024239 0.022496
0 0.492852 0.557400 0.032483 0.032682
0 0.536104 0.483992 0.019065 0.020624
0 0.327905 0.457847 0.014770 0.019076
0 0.310578 0.462193 0.016474 0.014247
0 0.427130 0.471007 0.015149 0.016420
0 0.392761 0.550089 0.013823 0.017144
0 0.277251 0.536084 0.014202 0.014247
0 0.251971 0.498052 0.012498 0.012074
0 0.211827 0.467989 0.018557 0.020042
0 0.222905 0.447343 0.014202 0.015937
0 0.255948 0.410760 0.017042 0.018593
0 0.272328 0.406534 0.016096 0.017386
0 0.283595 0.408586 0.009468 0.012315
0 0.325538 0.383111 0.012687 0.012557
0 0.321845 0.395306 0.012876 0.016179
0 0.207856 0.338361 0.021620 0.020812
0 0.225767 0.352821 0.013777 0.016217
0 0.259150 0.340929 0.012717 0.011893
0 0.296878 0.337145 0.015261 0.017839
0 0.308218 0.327414 0.017169 0.024866
0 0.015881 0.544599 0.028045 0.033054
0 0.171253 0.829075 0.024717 0.021990
0 0.142081 0.800304 0.023280 0.022357
0 0.149553 0.826876 0.014083 0.014660
0 0.227442 0.820462 0.021556 0.020891
0 0.249860 0.813315 0.020981 0.021990
0 0.201431 0.837688 0.017819 0.017959
0 0.302312 0.809650 0.017819 0.017592
0 0.303893 0.792791 0.014658 0.016126
0 0.290528 0.781979 0.017245 0.020891
0 0.073172 0.891057 0.015163 0.019642
0 0.047780 0.839495 0.020698 0.014732
0 0.127926 0.780415 0.022142 0.022405
0 0.210746 0.909921 0.016541 0.016549
0 0.151582 0.965089 0.021386 0.015908
0 0.115048 0.982512 0.017227 0.023483
0 0.139998 0.945204 0.016633 0.014014
0 0.086831 0.917744 0.015445 0.019696