0 0.517315 0.095785 0.017138 0.025883
0 0.814641 0.787051 0.013807 0.026927
0 0.361751 0.141561 0.014381 0.022733
0 0.081751 0.324728 0.014090 0.022685
0 0.123695 0.793577 0.011234 0.019228
0 0.273279 0.642003 0.012767 0.022174
0 0.460055 0.110354 0.016881 0.029765
0 0.016399 0.913768 0.011361 0.017923
0 0.681909 0.180178 0.016773 0.027604
0 0.129796 0.735942 0.011158 0.021086
0 0.804016 0.377506 0.020288 0.031592
0 0.241283 0.672777 0.012399 0.022866
0 0.868013 0.792862 0.014915 0.023901
0 0.059077 0.333282 0.014584 0.025321
0 0.220459 0.522191 0.014354 0.022164
0 0.099228 0.798584 0.011877 0.023028
0 0.121953 0.621731 0.014916 0.023934
0 0.134777 0.158646 0.015367 0.028402
0 0.095422 0.153985 0.020165 0.034075
0 0.432899 0.747281 0.018916 0.030653
0 0.231171 0.781868 0.012747 0.022775
0 0.712063 0.974093 0.015529 0.023507
0 0.198630 0.023609 0.015924 0.025814
0 0.161673 0.589327 0.018022 0.029397
0 0.710997 0.863814 0.020052 0.025478
0 0.424775 0.526474 0.020875 0.031086