0 0.401715 0.269472 0.013813 0.019947
0 0.829473 0.354505 0.020273 0.028911
0 0.770562 0.338615 0.014602 0.019587
0 0.342761 0.343053 0.015960 0.020485
0 0.842517 0.318950 0.026160 0.034078
0 0.419131 0.248263 0.016061 0.022026
0 0.743397 0.642485 0.014937 0.020740
0 0.935298 0.047343 0.019086 0.022734
0 0.548694 0.128765 0.017892 0.022391
0 0.013395 0.339903 0.014654 0.022557
0 0.186956 0.360410 0.014350 0.017155
0 0.464165 0.331870 0.017906 0.024653
0 0.425303 0.748134 0.023925 0.027590
0 0.982164 0.678300 0.020910 0.030283
0 0.372991 0.319711 0.014481 0.020697
0 0.626799 0.091441 0.019860 0.025741
0 0.937014 0.910362 0.023549 0.025286
0 0.642569 0.224935 0.023329 0.025331
0 0.743753 0.534338 0.014650 0.020932
0 0.782760 0.281782 0.014374 0.020234
0 0.838879 0.644081 0.022269 0.030069
0 0.687676 0.011847 0.017666 0.020329
0 0.912010 0.235892 0.021857 0.026142
0 0.391796 0.443258 0.014118 0.018643
0 0.452289 0.883219 0.018007 0.021512
0 0.573907 0.176884 0.015566 0.020144
0 0.378176 0.954278 0.014725 0.018085
0 0.222256 0.435696 0.015199 0.019712
0 0.204032 0.464126 0.016421 0.024640
0 0.536867 0.887977 0.017617 0.022454
0 0.482165 0.218509 0.018848 0.024061
0 0.033002 0.268689 0.016766 0.021905
0 0.436196 0.465179 0.016636 0.022538
0 0.850904 0.931246 0.020418 0.025331
0 0.277400 0.375803 0.018839 0.022048
0 0.226527 0.505037 0.016159 0.022330
0 0.967827 0.174432 0.019844 0.028561
0 0.786546 0.094846 0.018953 0.028373
0 0.210475 0.323682 0.017288 0.021660
0 0.359887 0.504102 0.017436 0.022539
0 0.378563 0.790637 0.018119 0.024112
0 0.629088 0.741751 0.017837 0.022746
0 0.766662 0.854170 0.019902 0.024830
0 0.271426 0.423071 0.014865 0.020067
0 0.927242 0.161103 0.019806 0.026919
0 0.452872 0.323296 0.024037 0.027008
0 0.937521 0.964359 0.018922 0.022740
0 0.368810 0.317777 0.021147 0.024543
0 0.873629 0.984736 0.015823 0.021609
0 0.607535 0.984231 0.015229 0.021447
0 0.636393 0.805698 0.020085 0.024133
0 0.113077 0.715780 0.019651 0.026647
0 0.152260 0.037480 0.026091 0.026989
0 0.301043 0.455570 0.022555 0.024671
0 0.249780 0.543590 0.020242 0.028904
0 0.334433 0.272558 0.015412 0.022077
0 0.337548 0.376497 0.016915 0.024587
0 0.082149 0.712899 0.033594 0.048285
0 0.727110 0.806052 0.024783 0.025520
0 0.545987 0.410314 0.027085 0.025522
0 0.357567 0.706963 0.027210 0.029299
0 0.281957 0.306699 0.017813 0.025897
0 0.466988 0.774515 0.023912 0.033565