0 0.829232 0.113957 0.015588 0.025820
0 0.712646 0.212704 0.015732 0.020174
0 0.154599 0.405259 0.012778 0.017915
0 0.052321 0.282780 0.013776 0.015368
0 0.072371 0.395616 0.018634 0.018790
0 0.391230 0.829564 0.022204 0.026983
0 0.439614 0.705265 0.014079 0.018957
0 0.513563 0.506796 0.023458 0.025905
0 0.187431 0.448895 0.014701 0.018666
0 0.710322 0.110920 0.014664 0.023564
0 0.614628 0.252143 0.019609 0.024916
0 0.723590 0.133686 0.017407 0.027075
0 0.314801 0.460422 0.022247 0.029865
0 0.456604 0.909202 0.022271 0.030178
0 0.595027 0.710157 0.018630 0.021263
0 0.936146 0.543293 0.023998 0.031212
0 0.707787 0.026111 0.020742 0.030302
0 0.980209 0.609869 0.032071 0.043910
0 0.882884 0.953445 0.028855 0.031313