0 0.391445 0.092439 0.011154 0.013185
0 0.289022 0.245552 0.012798 0.015123
0 0.206327 0.130566 0.011459 0.013752
0 0.668921 0.577696 0.012153 0.014426
0 0.667577 0.772785 0.011364 0.013771
0 0.626894 0.519143 0.010252 0.016737
0 0.184924 0.858307 0.009402 0.012844
0 0.292482 0.325093 0.010760 0.014558
0 0.478150 0.673703 0.018245 0.025763
0 0.410677 0.643229 0.013308 0.019571
0 0.201502 0.891774 0.010368 0.015293
0 0.298263 0.866371 0.011189 0.016803
0 0.381429 0.014819 0.011558 0.012990
0 0.811221 0.537117 0.010467 0.013625
0 0.943724 0.710487 0.010502 0.014446
0 0.403407 0.259472 0.010717 0.014345
0 0.314663 0.698796 0.011132 0.016119
0 0.293912 0.625355 0.012687 0.014821
0 0.781999 0.535680 0.012080 0.014872
0 0.294481 0.773837 0.012661 0.016626
0 0.698574 0.770951 0.013840 0.016040
0 0.358183 0.753721 0.011963 0.015964
0 0.600229 0.973565 0.012039 0.015371
0 0.299606 0.041024 0.016670 0.024252
0 0.303688 0.376724 0.014729 0.016857
0 0.335173 0.815931 0.012666 0.015656
0 0.607554 0.348343 0.014165 0.014046
0 0.226372 0.522270 0.011650 0.016354
0 0.492349 0.749421 0.015516 0.016609
0 0.617866 0.655762 0.013952 0.020790
0 0.326042 0.504302 0.013917 0.019133
0 0.781119 0.909267 0.012560 0.016112
0 0.656018 0.712407 0.015073 0.019415
0 0.830588 0.943096 0.012305 0.014504
0 0.920804 0.802014 0.011787 0.017359
0 0.919380 0.642764 0.011921 0.017248