0 0.402568 0.389441 0.015283 0.033447
0 0.710467 0.512565 0.021740 0.044119
0 0.286530 0.182499 0.013062 0.027855
0 0.252006 0.104455 0.013655 0.028820
0 0.890203 0.465955 0.023753 0.035582
0 0.583760 0.390686 0.016310 0.032983
0 0.255045 0.029059 0.015038 0.032536
0 0.517845 0.566240 0.017580 0.041594
0 0.657776 0.380643 0.018608 0.041505
0 0.015857 0.194803 0.030285 0.047274
0 0.826349 0.489279 0.020084 0.038305
0 0.258778 0.453276 0.016768 0.032306
0 0.836728 0.296976 0.022346 0.042055
0 0.740237 0.187312 0.017317 0.034816
0 0.109632 0.180424 0.025846 0.044702
0 0.295022 0.377862 0.019496 0.035947
0 0.350690 0.128473 0.022981 0.034980
0 0.884444 0.693520 0.020956 0.039265
0 0.353447 0.350356 0.018458 0.037326
0 0.624277 0.434440 0.019153 0.034132
0 0.784093 0.494280 0.022754 0.040306
0 0.238944 0.956229 0.031172 0.055254
0 0.698567 0.214724 0.025826 0.048124
0 0.355713 0.622427 0.018991 0.034755