0 0.992859 0.552401 0.013912 0.021523
0 0.996438 0.282559 0.007100 0.033038
0 0.511634 0.042981 0.021636 0.030296
0 0.298201 0.018617 0.052548 0.037233
0 0.907603 0.027730 0.014569 0.025616
0 0.022603 0.864690 0.018168 0.030149
0 0.385981 0.716495 0.015115 0.023726
0 0.180551 0.855700 0.014792 0.038858
0 0.122147 0.980116 0.013454 0.020078
0 0.294478 0.645127 0.020670 0.040963
0 0.178432 0.891071 0.015819 0.027755
0 0.131602 0.409191 0.016986 0.025667
0 0.803312 0.114552 0.016101 0.029004
0 0.460603 0.807986 0.013608 0.020049
0 0.387736 0.285309 0.016236 0.027234
0 0.778007 0.024369 0.018560 0.029520
0 0.681361 0.298016 0.022243 0.035043
0 0.268399 0.526461 0.016461 0.023369
0 0.569751 0.043787 0.014118 0.022501
0 0.920617 0.193406 0.015802 0.029359
0 0.828735 0.220719 0.017429 0.036913
0 0.571106 0.142793 0.017618 0.022704
0 0.623874 0.106545 0.015223 0.021788
0 0.544536 0.387874 0.017761 0.031866
0 0.715605 0.041932 0.017707 0.026547
0 0.387229 0.175814 0.016859 0.026252
0 0.940419 0.125738 0.018073 0.031653
0 0.643412 0.385668 0.017634 0.026216
0 0.365854 0.054762 0.019235 0.026847
0 0.323778 0.683484 0.018013 0.035790
0 0.691371 0.434656 0.019302 0.027230
0 0.681675 0.783182 0.018228 0.026346
0 0.510691 0.616192 0.017165 0.028310
0 0.244637 0.666260 0.018264 0.029522
0 0.144946 0.389352 0.024842 0.034328
0 0.787922 0.247069 0.018846 0.035359
0 0.803811 0.206060 0.020645 0.035576
0 0.690238 0.734559 0.017871 0.023977
0 0.689940 0.386974 0.020541 0.027757
0 0.640753 0.277936 0.025813 0.031332
0 0.340536 0.750899 0.019168 0.027817
0 0.592051 0.506637 0.026430 0.032105
0 0.487477 0.848202 0.016782 0.024627
0 0.484769 0.697391 0.019915 0.028597