0 0.645778 0.606797 0.021842 0.043792
0 0.241671 0.345900 0.012663 0.023445
0 0.727390 0.309381 0.010571 0.022588
0 0.719980 0.207142 0.011752 0.026460
0 0.911766 0.992135 0.027320 0.015690
0 0.313347 0.103967 0.013345 0.026125
0 0.499625 0.809202 0.018203 0.040877
0 0.477229 0.150606 0.012490 0.026321
0 0.415862 0.359483 0.011957 0.026597
0 0.622673 0.457781 0.013895 0.027802
0 0.848102 0.374091 0.013050 0.026783
0 0.263497 0.014139 0.022271 0.028256
0 0.509867 0.202188 0.010940 0.024880
0 0.453380 0.360488 0.015239 0.028893
0 0.648332 0.323885 0.013260 0.025943
0 0.850538 0.477153 0.019076 0.038157
0 0.555488 0.403306 0.013145 0.028334
0 0.543664 0.060442 0.012993 0.026365
0 0.235732 0.419258 0.014570 0.029436
0 0.389403 0.198614 0.015659 0.031148
0 0.460745 0.585815 0.020388 0.039830