0 0.660160 0.872558 0.013666 0.020898
0 0.591561 0.280990 0.011442 0.017481
0 0.261689 0.876478 0.015587 0.022054
0 0.277292 0.611888 0.014897 0.021648
0 0.624174 0.238810 0.015948 0.021029
0 0.262000 0.203489 0.013487 0.018202
0 0.683585 0.248153 0.013576 0.021405
0 0.355612 0.259808 0.015818 0.021904
0 0.659449 0.605086 0.013852 0.022357
0 0.572721 0.136100 0.015087 0.020525
0 0.458290 0.767363 0.021499 0.040773
0 0.714682 0.536947 0.014737 0.021408
0 0.675043 0.823180 0.013141 0.018205
0 0.774416 0.373018 0.017608 0.023681