0 0.722812 0.548318 0.014598 0.019336
0 0.112496 0.532859 0.017212 0.025361
0 0.419377 0.736837 0.012755 0.017774
0 0.950886 0.141535 0.021174 0.026857
0 0.779126 0.866931 0.017679 0.025267
0 0.776500 0.228216 0.035747 0.037362
0 0.793732 0.419391 0.019075 0.027363
0 0.885181 0.250138 0.013317 0.018706
0 0.160705 0.019966 0.013952 0.017896
0 0.887851 0.282134 0.013913 0.019586
0 0.063045 0.068922 0.010951 0.018337
0 0.887066 0.541373 0.012517 0.015973
0 0.900421 0.520310 0.014346 0.016845
0 0.651624 0.030615 0.026047 0.038379
0 0.139096 0.731048 0.015589 0.021186
0 0.867070 0.829760 0.015903 0.019624
0 0.682754 0.115642 0.021900 0.031926
0 0.517403 0.586417 0.016211 0.020595
0 0.811853 0.944542 0.013501 0.018317
0 0.801699 0.515002 0.012826 0.019292
0 0.169876 0.339343 0.017375 0.025089
0 0.659720 0.462100 0.015518 0.021222
0 0.785397 0.659701 0.015006 0.019248
0 0.329543 0.742083 0.017048 0.024640
0 0.218702 0.281175 0.022003 0.025401
0 0.732343 0.663157 0.020817 0.027227