0 0.968243 0.264107 0.014132 0.022516
0 0.280313 0.948905 0.014414 0.022174
0 0.120999 0.795656 0.017403 0.031405
0 0.646705 0.202769 0.020529 0.030230
0 0.946983 0.443794 0.013557 0.021401
0 0.982460 0.812217 0.019698 0.022748
0 0.806831 0.296770 0.019828 0.035095
0 0.229440 0.204842 0.016195 0.028888
0 0.747699 0.858281 0.016225 0.022783
0 0.126330 0.258412 0.016260 0.025913
0 0.970110 0.906587 0.021428 0.020200
0 0.427258 0.692854 0.014655 0.020285
0 0.346200 0.849897 0.015057 0.021493
0 0.477855 0.008131 0.015215 0.015727
0 0.751880 0.013502 0.019116 0.023137
0 0.491132 0.685780 0.015699 0.020637
0 0.688726 0.336121 0.020329 0.038808
0 0.526941 0.015422 0.016397 0.020597
0 0.065941 0.301280 0.016882 0.023246
0 0.707816 0.910254 0.017274 0.028646
0 0.215898 0.473779 0.015682 0.025732
0 0.765218 0.900562 0.016342 0.027923
0 0.649230 0.068091 0.013851 0.021895
0 0.712296 0.018334 0.015252 0.021165
0 0.165871 0.044605 0.015166 0.022103
0 0.622925 0.042594 0.015787 0.024215
0 0.116844 0.165804 0.017628 0.027918
0 0.088827 0.117543 0.016528 0.026765