0 0.816977 0.382147 0.016054 0.026149
0 0.831065 0.662672 0.016219 0.024364
0 0.924775 0.483482 0.016476 0.023424
0 0.235195 0.681806 0.016399 0.025728
0 0.762733 0.710988 0.017895 0.025632
0 0.912432 0.592784 0.015146 0.021167
0 0.558197 0.762192 0.015442 0.027317
0 0.883413 0.645474 0.015126 0.026511
0 0.860666 0.612010 0.016927 0.026089
0 0.448963 0.432775 0.019232 0.029157
0 0.619860 0.777892 0.018589 0.026459
0 0.814906 0.581473 0.018252 0.027751
0 0.469233 0.581790 0.023159 0.044728
0 0.547815 0.610458 0.022419 0.031696
0 0.385167 0.663494 0.020976 0.028428