0 0.299143 0.721873 0.013098 0.017997
0 0.711974 0.862338 0.011144 0.017218
0 0.632246 0.256421 0.012346 0.017971
0 0.535690 0.112491 0.014110 0.016600
0 0.417790 0.580374 0.012055 0.017226
0 0.796625 0.416638 0.011370 0.016444
0 0.958732 0.375173 0.009711 0.014918
0 0.612279 0.686396 0.010298 0.015885
0 0.889761 0.515632 0.010156 0.017037
0 0.969475 0.435707 0.009699 0.013556
0 0.200820 0.938746 0.012364 0.017532
0 0.510242 0.374263 0.012234 0.016617
0 0.571896 0.548991 0.010149 0.016094
0 0.453805 0.438910 0.012705 0.017481
0 0.353638 0.256820 0.011064 0.019121
0 0.802800 0.735248 0.012005 0.015776
0 0.171760 0.807967 0.010795 0.017715
0 0.621993 0.230517 0.018756 0.024335
0 0.572748 0.298574 0.014269 0.018210
0 0.043848 0.692110 0.010296 0.014741
0 0.485547 0.062968 0.012974 0.019687
0 0.154935 0.791024 0.011633 0.016306
0 0.778117 0.253784 0.011366 0.019598
0 0.662724 0.857333 0.012662 0.019190
0 0.869741 0.039026 0.012118 0.017269
0 0.242327 0.103905 0.011918 0.019439
0 0.556728 0.274487 0.012782 0.016687
0 0.114911 0.878810 0.014314 0.019085
0 0.882828 0.358661 0.012266 0.015824
0 0.346583 0.525139 0.012220 0.016614
0 0.080209 0.897501 0.011129 0.017856
0 0.821283 0.645712 0.011152 0.015856
0 0.296895 0.225786 0.010758 0.019242
0 0.081037 0.757859 0.010481 0.016819
0 0.693868 0.088895 0.016423 0.019661
0 0.151159 0.328017 0.015210 0.015792
0 0.362158 0.699680 0.012583 0.016123
0 0.912941 0.520830 0.010777 0.015975
0 0.259678 0.854632 0.015864 0.020254
0 0.799830 0.634346 0.010208 0.015681
0 0.526299 0.355848 0.014109 0.018640
0 0.839760 0.581217 0.012861 0.016821
0 0.159142 0.204161 0.012683 0.015666
0 0.190700 0.909499 0.014478 0.017422
0 0.695385 0.336758 0.013020 0.022045
0 0.266729 0.604016 0.011680 0.015438
0 0.881737 0.453093 0.011618 0.016769
0 0.731998 0.128574 0.016532 0.024426
0 0.915738 0.421622 0.011540 0.015625
0 0.024677 0.762771 0.010965 0.016022
0 0.127659 0.710735 0.011928 0.021262
0 0.817059 0.551193 0.014999 0.019736