0 0.327294 0.985120 0.031346 0.029760
0 0.733097 0.304315 0.042137 0.061941
0 0.496206 0.207281 0.020560 0.040828
0 0.137835 0.645696 0.021310 0.049302
0 0.856778 0.250452 0.026915 0.059328
0 0.557539 0.284406 0.088508 0.154863
0 0.182283 0.754292 0.027485 0.059337
0 0.409102 0.228272 0.040625 0.078939
0 0.202898 0.843605 0.036687 0.068013
0 0.853192 0.498419 0.028103 0.055282
0 0.054355 0.673037 0.032415 0.063751
0 0.882324 0.608851 0.028082 0.066507
0 0.617808 0.623768 0.020861 0.045828
0 0.840962 0.768120 0.034532 0.076356
0 0.344778 0.772189 0.021307 0.053654
0 0.124348 0.624934 0.031753 0.061812
0 0.336858 0.499081 0.027055 0.056110
0 0.605763 0.674742 0.023529 0.054129
0 0.295437 0.836197 0.026620 0.061163
0 0.400100 0.956985 0.031650 0.061548