0 0.013929 0.096566 0.018112 0.053948
0 0.374614 0.716837 0.012822 0.024188
0 0.904784 0.746541 0.012768 0.015989
0 0.824416 0.987837 0.011957 0.013745
0 0.626678 0.642450 0.018174 0.019892
0 0.464580 0.589926 0.010708 0.017808
0 0.617831 0.789712 0.015118 0.028225
0 0.432246 0.659185 0.010987 0.016240
0 0.730162 0.735136 0.012314 0.014486
0 0.609368 0.959177 0.011712 0.018281
0 0.676215 0.778138 0.012026 0.016082
0 0.468385 0.641776 0.014073 0.019428
0 0.206636 0.380079 0.016568 0.020881
0 0.754639 0.798148 0.012368 0.017534
0 0.689843 0.952253 0.011894 0.016012
0 0.452880 0.208451 0.077304 0.095878
0 0.686685 0.978265 0.013266 0.019275
0 0.720071 0.908674 0.013519 0.018079
0 0.219875 0.612130 0.019460 0.023731
0 0.588976 0.376160 0.019150 0.027256
0 0.345182 0.161540 0.046857 0.045393
0 0.554620 0.816196 0.025119 0.026750