0 0.361997 0.907709 0.014411 0.021194
0 0.313269 0.295974 0.021136 0.031064
0 0.046797 0.201061 0.020124 0.030614
0 0.159274 0.372116 0.023470 0.034959
0 0.469570 0.968255 0.018054 0.026410
0 0.864978 0.985722 0.018745 0.021807
0 0.098989 0.400127 0.035671 0.038867
0 0.095704 0.484266 0.028751 0.030244
0 0.266022 0.906852 0.025731 0.040243
0 0.816431 0.150170 0.026438 0.045755
0 0.947459 0.066049 0.027915 0.042387
0 0.437599 0.218272 0.035782 0.066913
0 0.544644 0.517177 0.023828 0.032849
0 0.506600 0.523889 0.025274 0.033555