0 0.428417 0.221710 0.019880 0.031991
0 0.503897 0.209653 0.018915 0.032848
0 0.085602 0.417207 0.027642 0.036275
0 0.377435 0.723853 0.021231 0.030654
0 0.266528 0.324062 0.021695 0.027901
0 0.332123 0.701789 0.024179 0.035224
0 0.613058 0.017635 0.017789 0.028798
0 0.036160 0.017655 0.038788 0.035309
0 0.011916 0.360464 0.023833 0.038829
0 0.339620 0.614945 0.021400 0.029351
0 0.348235 0.404741 0.023810 0.033593
0 0.071762 0.863131 0.020841 0.036604
0 0.346675 0.529838 0.022701 0.034827
0 0.553673 0.176400 0.019472 0.031616
0 0.369514 0.714585 0.031804 0.041029
0 0.231240 0.900323 0.024697 0.040006
0 0.403931 0.724375 0.023459 0.033000
0 0.328015 0.738661 0.025185 0.039933
0 0.288420 0.480294 0.032723 0.046211