0 0.681568 0.202364 0.012339 0.015493
0 0.866902 0.189109 0.011173 0.011811
0 0.188773 0.838522 0.008478 0.013395
0 0.179650 0.630749 0.016047 0.025018
0 0.284142 0.949753 0.023711 0.019012
0 0.774876 0.261206 0.010024 0.010472
0 0.794736 0.226441 0.008911 0.011823
0 0.244527 0.714626 0.012904 0.015756
0 0.425177 0.337038 0.013633 0.014027
0 0.693140 0.152848 0.013728 0.016447
0 0.445307 0.420245 0.010581 0.012136
0 0.241483 0.914652 0.023024 0.023467
0 0.779923 0.332324 0.010804 0.012983
0 0.545967 0.401863 0.014978 0.022420
0 0.907840 0.244637 0.012410 0.012825
0 0.409658 0.989636 0.011817 0.011768
0 0.248579 0.584222 0.014595 0.014781
0 0.420735 0.613947 0.022232 0.017777
0 0.410426 0.858017 0.052189 0.059125
0 0.580825 0.362593 0.014791 0.014264
0 0.748362 0.381674 0.017093 0.023151
0 0.513710 0.376649 0.018833 0.019423
0 0.740533 0.216563 0.009849 0.012445
0 0.394535 0.420387 0.011624 0.017321
0 0.618237 0.521649 0.010274 0.014027
0 0.555946 0.366386 0.010200 0.011031
0 0.659275 0.223739 0.014330 0.019168
0 0.546434 0.644657 0.016532 0.014631
0 0.914200 0.302913 0.010581 0.011775
0 0.430097 0.421949 0.012957 0.012975
0 0.847544 0.313770 0.010027 0.013567
0 0.447543 0.403749 0.012560 0.012380
0 0.776452 0.227544 0.011155 0.014508
0 0.592911 0.339337 0.010583 0.014609
0 0.625423 0.320767 0.010438 0.011613
0 0.709647 0.295789 0.009972 0.012033
0 0.660527 0.154306 0.011180 0.011540
0 0.463784 0.513802 0.011023 0.014656
0 0.409466 0.758449 0.014830 0.020399
0 0.477399 0.605657 0.012719 0.014257
0 0.668969 0.133629 0.010592 0.011678
0 0.139581 0.712487 0.010972 0.013900
0 0.908272 0.225507 0.012890 0.015082
0 0.897050 0.282839 0.009566 0.016343
0 0.693513 0.292906 0.009642 0.011511
0 0.757303 0.232522 0.012885 0.016585
0 0.874341 0.284521 0.009365 0.011815
0 0.640262 0.339111 0.013266 0.013733
0 0.317067 0.810748 0.010326 0.012454
0 0.103638 0.614715 0.018656 0.013817
0 0.263307 0.691617 0.016675 0.021892
0 0.845097 0.390743 0.011952 0.015568
0 0.291297 0.605642 0.012566 0.013012
0 0.952530 0.239928 0.013075 0.013412
0 0.842678 0.419303 0.012530 0.016091
0 0.464708 0.735211 0.012173 0.018285
0 0.191203 0.701710 0.013024 0.013919
0 0.677067 0.394423 0.014187 0.015495
0 0.091116 0.505605 0.017407 0.016666
0 0.471250 0.667432 0.010705 0.012507
0 0.669339 0.277035 0.009975 0.013934
0 0.706083 0.327416 0.011914 0.015332
0 0.434834 0.647393 0.012723 0.012995
0 0.688877 0.435882 0.013880 0.019658
0 0.263644 0.390787 0.014006 0.021168
0 0.629205 0.376008 0.017743 0.025258
0 0.370395 0.434440 0.016745 0.018960
0 0.453672 0.545147 0.019262 0.013476
0 0.173852 0.570038 0.016202 0.018846
0 0.214497 0.260381 0.010982 0.019567
0 0.591002 0.413362 0.012485 0.017340
0 0.422187 0.555522 0.014218 0.018485
0 0.771994 0.303584 0.019488 0.022426
0 0.518690 0.859032 0.022397 0.022785
0 0.425805 0.492339 0.027352 0.024138
0 0.617086 0.752062 0.025017 0.026276
0 0.799074 0.597302 0.017797 0.021701
0 0.229050 0.614930 0.021455 0.021407
0 0.365097 0.520061 0.017085 0.016210
0 0.283989 0.531298 0.020246 0.021814
0 0.535651 0.563328 0.019820 0.018684
0 0.623021 0.286053 0.010053 0.014090
0 0.615934 0.307293 0.012689 0.013249
0 0.474477 0.250466 0.013707 0.014085
0 0.493881 0.245922 0.009791 0.012267
0 0.539542 0.207190 0.016733 0.016129
0 0.545327 0.247285 0.011571 0.013176
0 0.549065 0.262052 0.014063 0.013630
0 0.544793 0.268867 0.011215 0.010904
0 0.523787 0.257735 0.011215 0.012722
0 0.479056 0.158145 0.015377 0.018329
0 0.513950 0.166447 0.013180 0.013801
0 0.512767 0.156744 0.009801 0.011213
0 0.521131 0.153293 0.010308 0.012076
0 0.534058 0.142511 0.012504 0.011213
0 0.534058 0.128926 0.008787 0.014232
0 0.546732 0.140678 0.008787 0.009272
0 0.556786 0.166016 0.008618 0.009057
0 0.518766 0.187688 0.010308 0.010566
0 0.526116 0.179062 0.011491 0.011429
0 0.404620 0.199979 0.011491 0.008841
0 0.435294 0.155033 0.008842 0.009514
0 0.432433 0.106468 0.013870 0.012390
0 0.442402 0.098613 0.011616 0.017037
0 0.474911 0.093303 0.010056 0.012169
0 0.474737 0.110672 0.011096 0.011948
0 0.492162 0.107685 0.010923 0.009514
0 0.524584 0.100051 0.010923 0.011948
0 0.508807 0.067306 0.009189 0.011948
0 0.466502 0.065536 0.008149 0.011063
0 0.370276 0.129478 0.008496 0.010178
0 0.346783 0.153706 0.010403 0.011726
0 0.359353 0.167202 0.010576 0.012612
0 0.304132 0.188221 0.022886 0.021462
0 0.333693 0.190766 0.008842 0.014160
0 0.425735 0.133836 0.012558 0.011701