0 0.125199 0.235905 0.014969 0.028226
0 0.894764 0.535864 0.019922 0.039124
0 0.296172 0.351358 0.018968 0.031377
0 0.252854 0.231986 0.020033 0.034426
0 0.024564 0.946476 0.023239 0.042267
0 0.800240 0.511588 0.024265 0.045114
0 0.709680 0.362995 0.024710 0.055292
0 0.295754 0.389508 0.019092 0.036876
0 0.491911 0.013952 0.026198 0.027904
0 0.476911 0.401935 0.022206 0.041256
0 0.142188 0.094824 0.019788 0.039036
0 0.430288 0.012718 0.023791 0.025435
0 0.088505 0.236673 0.029143 0.042160
0 0.212975 0.321369 0.024547 0.040559