0 0.864675 0.663912 0.010218 0.014981
0 0.026115 0.506782 0.014361 0.023426
0 0.884728 0.293663 0.010797 0.013410
0 0.876534 0.636300 0.009826 0.017563
0 0.838160 0.298536 0.010160 0.013229
0 0.651057 0.510287 0.010557 0.014367
0 0.357412 0.982537 0.009394 0.014131
0 0.636449 0.075735 0.012277 0.016496
0 0.723547 0.753112 0.009947 0.013780
0 0.846398 0.466187 0.011417 0.017202
0 0.158195 0.066528 0.010171 0.013776
0 0.881078 0.867070 0.010268 0.014700
0 0.734516 0.519353 0.010196 0.014556
0 0.463913 0.757459 0.010772 0.015674
0 0.185903 0.796838 0.011522 0.015238
0 0.630343 0.614587 0.010311 0.013405
0 0.474105 0.744003 0.011068 0.015908
0 0.643096 0.620961 0.010494 0.015190
0 0.290403 0.707913 0.010794 0.019946
0 0.969095 0.931571 0.009508 0.014194
0 0.899384 0.709298 0.009859 0.016224
0 0.795059 0.958477 0.010410 0.014016
0 0.899664 0.871020 0.011110 0.016500
0 0.420635 0.956039 0.010481 0.016701
0 0.744925 0.391034 0.014551 0.017941
0 0.781346 0.677329 0.013560 0.018393
0 0.553595 0.979951 0.018200 0.022553
0 0.234644 0.072145 0.018401 0.016331
0 0.700031 0.881085 0.011375 0.017167
0 0.741761 0.759463 0.012534 0.016279
0 0.673521 0.764353 0.015341 0.021380
0 0.629157 0.752188 0.011754 0.017165
0 0.318830 0.638626 0.019411 0.027423
0 0.171846 0.749288 0.014448 0.017485
0 0.215739 0.802540 0.012916 0.019283
0 0.180447 0.633290 0.018006 0.023053
0 0.805606 0.762628 0.013484 0.018210
0 0.654364 0.432177 0.021053 0.025026