0 0.545074 0.056433 0.017725 0.040623
0 0.683738 0.506406 0.011817 0.024548
0 0.541211 0.133511 0.017882 0.037825
0 0.344529 0.955795 0.020804 0.032183
0 0.552549 0.652943 0.013247 0.026457
0 0.331465 0.557813 0.013740 0.025744
0 0.150623 0.434151 0.012114 0.023168
0 0.428577 0.147093 0.016339 0.032147
0 0.414181 0.620497 0.017428 0.030084
0 0.584669 0.381390 0.022464 0.036596
0 0.301905 0.576794 0.011701 0.021229
0 0.772415 0.932864 0.017754 0.034943
0 0.442888 0.500299 0.014925 0.027282
0 0.529252 0.910060 0.019721 0.036174
0 0.589930 0.552980 0.015224 0.029401
0 0.452922 0.302615 0.013244 0.027566
0 0.661384 0.463282 0.015116 0.026526
0 0.405817 0.328903 0.015172 0.029876
0 0.726433 0.455321 0.013811 0.028478
0 0.972242 0.751008 0.025219 0.042844
0 0.921470 0.463943 0.032878 0.057824
0 0.569724 0.333245 0.018893 0.029817