0 0.520814 0.886477 0.011166 0.017761
0 0.046022 0.905074 0.010426 0.016500
0 0.107608 0.405976 0.012349 0.016588
0 0.245723 0.393738 0.013563 0.017694
0 0.077169 0.478749 0.011924 0.016627
0 0.138047 0.279129 0.010610 0.015163
0 0.594718 0.891843 0.013332 0.015834
0 0.208710 0.295169 0.011099 0.016344
0 0.426238 0.548987 0.014984 0.022102
0 0.187407 0.830040 0.010420 0.015027
0 0.057380 0.619094 0.014062 0.018420
0 0.169534 0.281915 0.011863 0.017850
0 0.202633 0.913876 0.013410 0.016916
0 0.185678 0.893455 0.012972 0.016542
0 0.245936 0.431741 0.013068 0.017551
0 0.040344 0.855641 0.012169 0.014939
0 0.232531 0.926817 0.011968 0.016721
0 0.303923 0.235835 0.013013 0.016183
0 0.319560 0.901344 0.012088 0.016902
0 0.594217 0.740123 0.012226 0.017527
0 0.585450 0.839677 0.014848 0.018518
0 0.348362 0.013692 0.011763 0.017309
0 0.017322 0.679282 0.011092 0.018215
0 0.623745 0.908106 0.014562 0.017922
0 0.008197 0.726381 0.014406 0.019928
0 0.744660 0.029799 0.015225 0.019890
0 0.117622 0.145170 0.014349 0.019480
0 0.544844 0.796017 0.014397 0.020975
0 0.052212 0.663649 0.016317 0.029910