0 0.914233 0.990165 0.011728 0.018414
0 0.175837 0.683620 0.007189 0.015297
0 0.486371 0.592142 0.009037 0.016150
0 0.424973 0.461213 0.008455 0.016424
0 0.209371 0.530642 0.008373 0.015376
0 0.028129 0.486579 0.009303 0.017203
0 0.969989 0.811345 0.009583 0.015981
0 0.745099 0.876579 0.008439 0.015869
0 0.102386 0.582065 0.008024 0.014529
0 0.271910 0.264374 0.009387 0.017493
0 0.368824 0.899839 0.007500 0.014484
0 0.799830 0.901706 0.008847 0.016554
0 0.749915 0.728714 0.009837 0.017321
0 0.340715 0.924086 0.008556 0.019767
0 0.277312 0.620177 0.008339 0.016939
0 0.621643 0.838196 0.008062 0.016839
0 0.405633 0.680328 0.008944 0.018020
0 0.139103 0.625512 0.009755 0.017284
0 0.928284 0.692523 0.012790 0.021333
0 0.306375 0.297725 0.010525 0.020426
0 0.751645 0.765823 0.012998 0.021312
0 0.654099 0.872516 0.008210 0.018108
0 0.089940 0.852726 0.008184 0.020552
0 0.711244 0.870014 0.009880 0.020599
0 0.625212 0.781842 0.009481 0.019198
0 0.519528 0.848269 0.011854 0.022181
0 0.243436 0.699574 0.010588 0.018240