0 0.804391 0.447721 0.018348 0.034093
0 0.615165 0.542833 0.018755 0.034884
0 0.419350 0.288688 0.016975 0.034219
0 0.483385 0.315821 0.016133 0.033909
0 0.461256 0.579700 0.021436 0.042298
0 0.525418 0.376591 0.017425 0.032608
0 0.723804 0.390718 0.020412 0.038605
0 0.820065 0.936864 0.022924 0.041036
0 0.926380 0.919055 0.020241 0.034608
0 0.759797 0.832228 0.025291 0.049534
0 0.202695 0.339744 0.028942 0.062584
0 0.237662 0.384075 0.030980 0.056242
0 0.675066 0.454758 0.026823 0.051176
0 0.754701 0.926061 0.032230 0.059097