0 0.713768 0.641298 0.013776 0.019824
0 0.739190 0.711569 0.015042 0.021372
0 0.751193 0.450534 0.013467 0.019918
0 0.400195 0.433521 0.012858 0.019251
0 0.021395 0.369969 0.018017 0.020243
0 0.582343 0.465309 0.014648 0.022046
0 0.074118 0.710696 0.015134 0.021314
0 0.134806 0.444698 0.012374 0.017415
0 0.464612 0.258560 0.013562 0.019767
0 0.549972 0.087353 0.012649 0.020684
0 0.590434 0.083731 0.012077 0.019366
0 0.105095 0.432684 0.013824 0.018692
0 0.079238 0.338027 0.011650 0.015658
0 0.825890 0.009109 0.011189 0.014106
0 0.585858 0.428811 0.013148 0.018565
0 0.655160 0.259374 0.013266 0.019862
0 0.127985 0.051403 0.012761 0.017648
0 0.637219 0.249097 0.013759 0.020191
0 0.550298 0.367108 0.013011 0.021092
0 0.771357 0.225538 0.017305 0.030382
0 0.120872 0.210557 0.014827 0.019020
0 0.620076 0.370609 0.016007 0.022411
0 0.159508 0.303553 0.013996 0.018503
0 0.638629 0.164476 0.014271 0.020272
0 0.624159 0.138578 0.016028 0.023238
0 0.509436 0.123005 0.012283 0.019482
0 0.506924 0.068438 0.015771 0.022393