0 0.166435 0.069454 0.013202 0.018697
0 0.211541 0.098970 0.016377 0.018146
0 0.631868 0.289707 0.029663 0.033802
0 0.975452 0.755535 0.049036 0.132930
0 0.409959 0.375576 0.013122 0.017453
0 0.392115 0.560100 0.018412 0.033935
0 0.419919 0.729209 0.021032 0.025966
0 0.123544 0.220209 0.017924 0.019687
0 0.275313 0.956043 0.013876 0.020751
0 0.101189 0.396892 0.021170 0.021838
0 0.486266 0.924867 0.020048 0.017333
0 0.559492 0.822724 0.019844 0.019835
0 0.155420 0.509897 0.019028 0.022451
0 0.334907 0.487007 0.017139 0.018489
0 0.704949 0.446514 0.030515 0.031304
0 0.502444 0.106750 0.016886 0.018557
0 0.306626 0.197210 0.023533 0.021487
0 0.198030 0.173801 0.023073 0.026311
0 0.396138 0.157531 0.017204 0.020791
0 0.513908 0.665851 0.017483 0.021797
0 0.814420 0.975417 0.021601 0.023093
0 0.961042 0.298155 0.019867 0.026911
0 0.344173 0.803658 0.046790 0.037009
0 0.243719 0.145946 0.018655 0.024606
0 0.486505 0.866161 0.020762 0.025256
0 0.427305 0.815524 0.025923 0.023267
0 0.667007 0.470440 0.018762 0.022986
0 0.696579 0.793706 0.060348 0.081137
0 0.323142 0.700124 0.027939 0.026747
0 0.536070 0.483808 0.020846 0.023206
0 0.588524 0.737530 0.025775 0.025044
0 0.831402 0.815979 0.031640 0.034091
0 0.492655 0.557049 0.035059 0.036334
0 0.426465 0.470291 0.017488 0.022300
0 0.387375 0.463733 0.026403 0.029296
0 0.338684 0.507240 0.015430 0.015741
0 0.336970 0.531726 0.012687 0.017490
0 0.343485 0.550966 0.015430 0.015741
0 0.297022 0.643665 0.021945 0.017490
0 0.311767 0.462202 0.013716 0.015741
0 0.328397 0.457611 0.018173 0.018802
0 0.213699 0.592943 0.023317 0.017490
0 0.215242 0.681269 0.016116 0.020114
0 0.299145 0.336405 0.020495 0.019696
0 0.274641 0.267470 0.021980 0.019696
0 0.287710 0.259705 0.016039 0.015529
0 0.255334 0.258947 0.016039 0.015529
0 0.225781 0.352881 0.017524 0.017044
0 0.259493 0.341707 0.016039 0.014393
0 0.205732 0.339624 0.021980 0.020074
0 0.171574 0.355911 0.017227 0.013257
0 0.155089 0.349093 0.017524 0.013257
0 0.139941 0.344359 0.013366 0.016666
0 0.138604 0.357426 0.019009 0.016287
0 0.135783 0.366138 0.016336 0.014014
0 0.027072 0.301369 0.019901 0.020074
0 0.011330 0.317088 0.019901 0.022726
0 0.060487 0.377690 0.017821 0.016666
0 0.212627 0.467755 0.019495 0.018108
0 0.222856 0.449340 0.016847 0.016266
0 0.184949 0.435376 0.019014 0.019642
0 0.158354 0.447652 0.012034 0.017187
0 0.271593 0.407293 0.014200 0.019949
0 0.255347 0.410976 0.015885 0.016880
0 0.234167 0.414659 0.015403 0.016266
0 0.273666 0.102224 0.018512 0.022710
0 0.266167 0.125830 0.024136 0.019124
0 0.240743 0.098638 0.018746 0.017929
0 0.270034 0.066067 0.015934 0.016734
0 0.174428 0.095799 0.015934 0.019423
0 0.216959 0.130312 0.018043 0.017331
0 0.075894 0.153171 0.027885 0.021813
0 0.096397 0.179168 0.015466 0.020020
0 0.103076 0.203073 0.015231 0.020020
0 0.081869 0.213083 0.021558 0.020917
0 0.070035 0.220703 0.018980 0.014642
0 0.084798 0.197993 0.018980 0.017032
0 0.067106 0.185593 0.021558 0.019124
0 0.055390 0.176031 0.020152 0.013148
0 0.063134 0.116282 0.016466 0.018932
0 0.066644 0.080655 0.017546 0.015834
0 0.019606 0.149871 0.037407 0.034397
0 0.014610 0.542613 0.021145 0.028163
0 0.016724 0.490182 0.022555 0.019175
0 0.511857 0.010076 0.039273 0.020153