0 0.834914 0.946501 0.010635 0.014317
0 0.892503 0.777772 0.009740 0.013634
0 0.678064 0.971354 0.010246 0.015530
0 0.927770 0.847366 0.009769 0.013915
0 0.780265 0.752464 0.012216 0.017287
0 0.945191 0.840928 0.010367 0.015024
0 0.600570 0.941509 0.009966 0.016132
0 0.739580 0.385065 0.015105 0.025859
0 0.661461 0.994322 0.013210 0.011004
0 0.974399 0.970545 0.013393 0.019999
0 0.884096 0.957652 0.011350 0.015626
0 0.881013 0.540727 0.010944 0.014976
0 0.810058 0.478361 0.011489 0.017862
0 0.863392 0.686996 0.009546 0.016583
0 0.659167 0.660133 0.010760 0.016173
0 0.937506 0.381536 0.013664 0.019327
0 0.099435 0.827052 0.007812 0.015612
0 0.866312 0.805161 0.014504 0.015852
0 0.658820 0.914588 0.010158 0.016459
0 0.942258 0.722417 0.008998 0.014102
0 0.898026 0.836101 0.010801 0.014305
0 0.975290 0.636558 0.012437 0.015608
0 0.827687 0.925851 0.014942 0.017954
0 0.701535 0.671866 0.013171 0.016663
0 0.812176 0.629649 0.013577 0.017494
0 0.844876 0.630246 0.011038 0.015486
0 0.651739 0.726414 0.011693 0.017420
0 0.985655 0.553009 0.013330 0.015471
0 0.667674 0.884091 0.012270 0.018117
0 0.967688 0.674612 0.013054 0.017774
0 0.915137 0.976447 0.012262 0.019430
0 0.573151 0.991590 0.017118 0.016233
0 0.580047 0.940825 0.012429 0.018702
0 0.764157 0.840356 0.019935 0.020438
0 0.112798 0.919107 0.009413 0.015072
0 0.931745 0.953225 0.014941 0.015927
0 0.748004 0.949785 0.013946 0.016249
0 0.333615 0.928942 0.013662 0.019913
0 0.260121 0.872201 0.013338 0.019828
0 0.615100 0.721550 0.014774 0.016841
0 0.585897 0.819512 0.016151 0.016618
0 0.143492 0.914908 0.011782 0.016663
0 0.456919 0.918564 0.016447 0.019528
0 0.586257 0.496994 0.020908 0.024347
0 0.165764 0.953847 0.018806 0.022566
0 0.731384 0.358886 0.022602 0.031574
0 0.028377 0.563605 0.018067 0.025693
0 0.597251 0.203541 0.029916 0.029960
0 0.270814 0.766534 0.023231 0.030158