0 0.933559 0.333461 0.015123 0.026290
0 0.929679 0.125149 0.011395 0.021762
0 0.226537 0.153146 0.016363 0.033117
0 0.553315 0.010310 0.013475 0.017854
0 0.461063 0.340456 0.017799 0.027578
0 0.453690 0.620663 0.014495 0.026624
0 0.596760 0.048075 0.014466 0.024446
0 0.516234 0.211143 0.015275 0.028372
0 0.621583 0.010706 0.013696 0.018835
0 0.920169 0.016573 0.015654 0.023687
0 0.838064 0.370663 0.018746 0.028917
0 0.839346 0.111265 0.016339 0.028497
0 0.229003 0.457156 0.019390 0.032892
0 0.491208 0.044243 0.019075 0.029402
0 0.890515 0.029386 0.015588 0.021888
0 0.945172 0.082041 0.013580 0.026154
0 0.345190 0.651693 0.019488 0.033973
0 0.811470 0.793884 0.028143 0.044612