0 0.190281 0.819769 0.017850 0.034563
0 0.574588 0.697810 0.015477 0.026481
0 0.750229 0.403109 0.036765 0.069024
0 0.398747 0.339713 0.019798 0.040465
0 0.760762 0.337958 0.036493 0.074714
0 0.621790 0.895382 0.018996 0.036476
0 0.079420 0.638465 0.024924 0.050607
0 0.114973 0.926027 0.019194 0.037446
0 0.103065 0.819528 0.024669 0.050106
0 0.035845 0.558413 0.023841 0.045258
0 0.220499 0.709207 0.019930 0.039832
0 0.013198 0.311834 0.025562 0.055291
0 0.865456 0.960399 0.028904 0.056132
0 0.747110 0.282822 0.025784 0.056963
0 0.487722 0.260520 0.025954 0.056654
0 0.026395 0.605613 0.025631 0.051065
0 0.862188 0.541475 0.074791 0.131082
0 0.810290 0.644687 0.082253 0.153607
0 0.085708 0.780136 0.026989 0.054762
0 0.383825 0.700979 0.018310 0.030378
0 0.153845 0.570349 0.031821 0.066233