0 0.610600 0.270262 0.014455 0.017889
0 0.101611 0.861529 0.014835 0.020039
0 0.127897 0.987208 0.015647 0.018602
0 0.401275 0.894363 0.026158 0.027312
0 0.162341 0.171104 0.013777 0.019450
0 0.222620 0.678893 0.021009 0.024114
0 0.008146 0.198617 0.016126 0.021418
0 0.989317 0.911435 0.017363 0.027364
0 0.544175 0.466898 0.018852 0.020573
0 0.354246 0.651753 0.017857 0.023004
0 0.353799 0.246412 0.013966 0.019167
0 0.574180 0.010930 0.016938 0.021599
0 0.229933 0.415306 0.014699 0.016859
0 0.229052 0.342358 0.012764 0.017671
0 0.174189 0.370098 0.014831 0.019700
0 0.178016 0.254016 0.014031 0.020969
0 0.302355 0.176398 0.018918 0.030305
0 0.528151 0.266117 0.015156 0.017495
0 0.197818 0.876239 0.015204 0.020501
0 0.554296 0.100424 0.016787 0.023616
0 0.147319 0.914772 0.015422 0.022694
0 0.539451 0.250633 0.015232 0.024424
0 0.342519 0.193891 0.013636 0.019324
0 0.323967 0.254431 0.013997 0.020685
0 0.306609 0.323679 0.014289 0.018493
0 0.630477 0.071045 0.017047 0.022236
0 0.064798 0.652878 0.019928 0.028590
0 0.414824 0.404491 0.015521 0.020688
0 0.236867 0.815068 0.016749 0.022663
0 0.654472 0.140613 0.014450 0.019671
0 0.404552 0.191169 0.017230 0.021046
0 0.367409 0.118338 0.018054 0.021334
0 0.283687 0.355072 0.016941 0.021429
0 0.330222 0.365212 0.019453 0.022900
0 0.229669 0.086644 0.016181 0.021391
0 0.407408 0.074203 0.016186 0.019423
0 0.492290 0.060355 0.016830 0.024402
0 0.473241 0.635388 0.017967 0.025656
0 0.227006 0.922576 0.020309 0.029458
0 0.625408 0.369484 0.017427 0.021213
0 0.520665 0.176535 0.017099 0.022312
0 0.581325 0.317582 0.025081 0.022416