0 0.340509 0.117180 0.031818 0.110232
0 0.356995 0.221644 0.023377 0.032944
0 0.439155 0.145722 0.033105 0.032202
0 0.187719 0.849993 0.013889 0.015649
0 0.511101 0.617269 0.010928 0.015877
0 0.402985 0.626847 0.017951 0.048881
0 0.375603 0.528638 0.013338 0.017467
0 0.499737 0.068001 0.023052 0.030217
0 0.817772 0.429223 0.014898 0.019475
0 0.867502 0.655791 0.021100 0.036964
0 0.387263 0.557110 0.021602 0.031257
0 0.445038 0.696791 0.016557 0.021994
0 0.583979 0.589095 0.015395 0.026847
0 0.599961 0.565832 0.015823 0.020896
0 0.488626 0.433912 0.021050 0.027516
0 0.689855 0.523103 0.017858 0.027431
0 0.703026 0.720279 0.023726 0.026485