0 0.367008 0.670953 0.010027 0.017549
0 0.680984 0.616874 0.011487 0.019986
0 0.733806 0.361205 0.012730 0.018044
0 0.828097 0.196426 0.012389 0.018524
0 0.813965 0.225636 0.011866 0.017791
0 0.617809 0.675577 0.009709 0.015953
0 0.442644 0.545162 0.010859 0.014541
0 0.656708 0.541645 0.011285 0.015665
0 0.595820 0.570687 0.010942 0.015435
0 0.648361 0.218718 0.012579 0.018650
0 0.787355 0.163931 0.010821 0.019956
0 0.663987 0.567657 0.011214 0.016245
0 0.531198 0.370658 0.011661 0.016541
0 0.745113 0.291652 0.010592 0.017741
0 0.550899 0.681379 0.014774 0.016805
0 0.749981 0.148255 0.012970 0.017941
0 0.352864 0.636442 0.011226 0.018991
0 0.773671 0.209528 0.013189 0.017497
0 0.484320 0.482401 0.013635 0.020159
0 0.597288 0.493831 0.012590 0.016952
0 0.547910 0.546723 0.010584 0.014966
0 0.489121 0.306923 0.013319 0.023266
0 0.416292 0.655883 0.013371 0.017433
0 0.410271 0.704850 0.010841 0.015712
0 0.653872 0.344081 0.013933 0.017638
0 0.270174 0.524395 0.012411 0.017291
0 0.498844 0.621616 0.011573 0.017365
0 0.520188 0.569189 0.012377 0.016257
0 0.423825 0.622207 0.013760 0.018105
0 0.577832 0.445648 0.011872 0.019671
0 0.439475 0.603152 0.011695 0.016433
0 0.329642 0.587714 0.012513 0.018072
0 0.358644 0.586413 0.012178 0.017191
0 0.336224 0.674206 0.011738 0.017138
0 0.307468 0.699997 0.011903 0.018923
0 0.359820 0.688543 0.015448 0.019205