0 0.358516 0.568014 0.010566 0.014275
0 0.383504 0.772541 0.012156 0.015881
0 0.080706 0.789759 0.015061 0.021868
0 0.243287 0.707781 0.012733 0.016083
0 0.330966 0.724107 0.009979 0.015327
0 0.201608 0.560206 0.010418 0.014450
0 0.575707 0.655845 0.012240 0.015670
0 0.088022 0.279866 0.015112 0.016594
0 0.387712 0.676522 0.011199 0.015999
0 0.418150 0.627538 0.012096 0.016127
0 0.308289 0.661998 0.010130 0.014387
0 0.359605 0.752386 0.013414 0.019017
0 0.411281 0.722686 0.011523 0.016832
0 0.457524 0.644794 0.010144 0.014522
0 0.372683 0.724034 0.010967 0.015342
0 0.347660 0.528340 0.011660 0.015884
0 0.420770 0.492960 0.009920 0.014501
0 0.441842 0.596859 0.011574 0.016303
0 0.359425 0.496694 0.010561 0.014526
0 0.859870 0.830505 0.019920 0.017973
0 0.825840 0.858785 0.012450 0.023787