0 0.733128 0.017576 0.011058 0.014097
0 0.860350 0.258924 0.020633 0.019070
0 0.814778 0.158284 0.013498 0.015020
0 0.336865 0.255468 0.037214 0.035122
0 0.897454 0.238229 0.013561 0.016669
0 0.621060 0.797589 0.013570 0.016400
0 0.532117 0.022166 0.016535 0.016776
0 0.867010 0.066969 0.016029 0.019853
0 0.768321 0.136187 0.013112 0.018579
0 0.832475 0.271886 0.014568 0.018734
0 0.871530 0.032186 0.017925 0.019558
0 0.917185 0.346417 0.014973 0.018855
0 0.712140 0.044396 0.014287 0.017009
0 0.051191 0.831728 0.019309 0.031612
0 0.683176 0.012042 0.017771 0.022879
0 0.501652 0.701350 0.015847 0.022630
0 0.886274 0.367977 0.021391 0.018074
0 0.476322 0.481160 0.023546 0.020895
0 0.295017 0.199580 0.023059 0.034926
0 0.944106 0.451805 0.018513 0.027050
0 0.526351 0.489406 0.020378 0.031494
0 0.237267 0.926414 0.020275 0.028286
0 0.726915 0.609524 0.021574 0.026424
0 0.431097 0.431413 0.022898 0.028478
0 0.931043 0.640718 0.035144 0.033426
0 0.666896 0.705069 0.026712 0.031581