0 0.467986 0.386333 0.013371 0.031872
0 0.831999 0.015546 0.010282 0.018901
0 0.392398 0.413425 0.010418 0.018383
0 0.263251 0.189406 0.021695 0.040944
0 0.439586 0.563121 0.010287 0.021448
0 0.300647 0.899420 0.009856 0.021990
0 0.314149 0.853296 0.009906 0.022252
0 0.509435 0.708525 0.011476 0.022931
0 0.489205 0.158177 0.014447 0.029706
0 0.374816 0.966942 0.011191 0.019657
0 0.584678 0.048776 0.013772 0.023390
0 0.228601 0.508378 0.010847 0.017698
0 0.376206 0.373015 0.012078 0.022212
0 0.596279 0.392145 0.011385 0.026449
0 0.648056 0.318754 0.012238 0.025168
0 0.530469 0.508087 0.013566 0.025107
0 0.269643 0.540204 0.011289 0.019127
0 0.283007 0.764265 0.016898 0.025825
0 0.496299 0.334462 0.013882 0.031949
0 0.339628 0.500721 0.012026 0.022799
0 0.449870 0.795070 0.017893 0.034576
0 0.684490 0.205823 0.026646 0.033314
0 0.807751 0.145024 0.056986 0.097804
0 0.872780 0.070776 0.018474 0.036530
0 0.857275 0.088470 0.019134 0.033105
0 0.446464 0.400280 0.013739 0.022262
0 0.399358 0.477442 0.012867 0.024149
0 0.547109 0.491026 0.011777 0.024149
0 0.611444 0.316325 0.012649 0.019621
0 0.450825 0.300855 0.013303 0.016602
0 0.457150 0.272367 0.015484 0.024526
0 0.463801 0.251614 0.011777 0.022262
0 0.477868 0.248218 0.010686 0.018489
0 0.510362 0.261801 0.016356 0.025281
0 0.383437 0.329343 0.011995 0.018489
0 0.379403 0.268971 0.011777 0.016225
0 0.390089 0.264631 0.011777 0.018866