0 0.243075 0.945790 0.012095 0.016403
0 0.213286 0.438218 0.013773 0.019938
0 0.128710 0.397107 0.013397 0.019527
0 0.719163 0.538613 0.020261 0.029071
0 0.341545 0.829539 0.015289 0.021642
0 0.965968 0.470480 0.012396 0.018924
0 0.158183 0.397604 0.012757 0.017793
0 0.191779 0.600637 0.015182 0.019545
0 0.281626 0.464180 0.014287 0.020905
0 0.464212 0.701756 0.014868 0.020903
0 0.283689 0.560990 0.012804 0.017456
0 0.563884 0.513034 0.013754 0.020763
0 0.231774 0.352981 0.014438 0.018310
0 0.039414 0.509526 0.013089 0.017143
0 0.064515 0.309648 0.012927 0.017879
0 0.130290 0.688282 0.014538 0.018793
0 0.298865 0.431237 0.013859 0.019497
0 0.191295 0.354885 0.014081 0.018645
0 0.114423 0.309800 0.014193 0.019251
0 0.190584 0.561641 0.018686 0.024267
0 0.247286 0.379239 0.015504 0.020635
0 0.849147 0.540666 0.015196 0.024527
0 0.353063 0.561480 0.014645 0.019416
0 0.016353 0.111581 0.012206 0.019283
0 0.346370 0.355194 0.017447 0.023933
0 0.031122 0.221983 0.013379 0.018437
0 0.490441 0.600217 0.017158 0.022749
0 0.543475 0.464330 0.017819 0.027114
0 0.067095 0.524490 0.016589 0.022443
0 0.194610 0.058267 0.016071 0.024014
0 0.106543 0.243306 0.015016 0.018590
0 0.338294 0.526533 0.018575 0.024363
0 0.358498 0.298839 0.017516 0.023366
0 0.014642 0.442542 0.018827 0.020275
0 0.146528 0.205466 0.017986 0.021466
0 0.146697 0.372689 0.019884 0.023006
0 0.175536 0.151449 0.018594 0.022745
0 0.080027 0.131444 0.022088 0.028584