0 0.403449 0.510465 0.015896 0.021232
0 0.870756 0.687184 0.013221 0.027018
0 0.331086 0.640568 0.015336 0.021351
0 0.857163 0.312398 0.023354 0.031170
0 0.995826 0.218881 0.008344 0.025446
0 0.713147 0.456669 0.018743 0.024295
0 0.951306 0.469295 0.017812 0.027747
0 0.817273 0.930983 0.015989 0.024020
0 0.794876 0.803889 0.016636 0.031267
0 0.818696 0.494904 0.018675 0.023359
0 0.906738 0.243039 0.019994 0.028093
0 0.165432 0.645659 0.012707 0.018923
0 0.982212 0.394070 0.022912 0.030343
0 0.805127 0.655275 0.010948 0.018188
0 0.022227 0.371335 0.014557 0.021401
0 0.874229 0.658387 0.012991 0.019195
0 0.840202 0.684404 0.013501 0.020374
0 0.646308 0.581422 0.025012 0.034407