0 0.391884 0.271759 0.011398 0.018963
0 0.568880 0.047647 0.015089 0.022400
0 0.366603 0.448738 0.013374 0.017781
0 0.677369 0.275209 0.013137 0.017467
0 0.574312 0.618091 0.014477 0.018767
0 0.444940 0.828115 0.013634 0.018865
0 0.578258 0.403859 0.013397 0.018014
0 0.491693 0.112856 0.016766 0.021206
0 0.612134 0.603890 0.014409 0.018547
0 0.565922 0.124501 0.015216 0.018946
0 0.144044 0.493202 0.012599 0.016282
0 0.765999 0.420471 0.012395 0.018286
0 0.205278 0.232898 0.012326 0.019618
0 0.772983 0.087362 0.014319 0.019345
0 0.291765 0.038633 0.013086 0.018009
0 0.776969 0.129189 0.014855 0.017250
0 0.211907 0.136512 0.018128 0.026045
0 0.487778 0.376157 0.013804 0.017959
0 0.201202 0.527596 0.016945 0.019160
0 0.546146 0.918041 0.017630 0.025698
0 0.719206 0.246358 0.011372 0.016677
0 0.596254 0.240013 0.013809 0.018495
0 0.304109 0.932040 0.016636 0.020573
0 0.479938 0.340317 0.013981 0.020692
0 0.288436 0.513585 0.013594 0.018229
0 0.230242 0.664091 0.013098 0.017215
0 0.746756 0.227143 0.012501 0.017032
0 0.987219 0.297622 0.018593 0.028157
0 0.810761 0.441080 0.013967 0.019879
0 0.627187 0.280172 0.014170 0.019610
0 0.321832 0.882475 0.016441 0.021435
0 0.701330 0.438514 0.013834 0.021453
0 0.508746 0.164321 0.016461 0.023564
0 0.240345 0.502297 0.014007 0.019124
0 0.369419 0.656672 0.014040 0.019881
0 0.871419 0.240539 0.023313 0.035871
0 0.390264 0.143931 0.021144 0.021970
0 0.374605 0.704014 0.016051 0.020637
0 0.419097 0.260618 0.013553 0.020779
0 0.464173 0.209947 0.017945 0.019746
0 0.623648 0.883153 0.023171 0.030946
0 0.274718 0.622055 0.019812 0.024657
0 0.217119 0.627605 0.021139 0.022873