0 0.200749 0.348965 0.018959 0.029947
0 0.372710 0.182243 0.020010 0.029677
0 0.781959 0.236475 0.044727 0.056731
0 0.115206 0.087673 0.017418 0.029259
0 0.558629 0.051438 0.013038 0.024712
0 0.755267 0.304514 0.022482 0.036381
0 0.269119 0.145723 0.016128 0.028392
0 0.389766 0.386388 0.023590 0.043101
0 0.321478 0.015262 0.017637 0.029789
0 0.893639 0.147468 0.018094 0.029622
0 0.227769 0.224183 0.019683 0.035770
0 0.162085 0.411036 0.017397 0.028907
0 0.993876 0.776543 0.012213 0.032307
0 0.037751 0.533226 0.014142 0.031808
0 0.304913 0.223867 0.028334 0.038178
0 0.289152 0.308801 0.017194 0.025542
0 0.649716 0.205115 0.024590 0.033752
0 0.019737 0.372269 0.019690 0.036343
0 0.116607 0.136365 0.030606 0.036436
0 0.399934 0.255966 0.018041 0.041527
0 0.055350 0.491716 0.020649 0.033914
0 0.355923 0.309229 0.013547 0.026820
0 0.130848 0.575620 0.019427 0.044533
0 0.974999 0.348378 0.016293 0.030559
0 0.984142 0.715875 0.017025 0.030562
0 0.161244 0.071982 0.027986 0.035664
0 0.930784 0.868356 0.014514 0.027147
0 0.948606 0.574580 0.026619 0.033333
0 0.180945 0.258504 0.025274 0.041433
0 0.937573 0.464788 0.018871 0.032449
0 0.329285 0.467758 0.016562 0.025502
0 0.351516 0.682491 0.029704 0.046642
0 0.106290 0.726435 0.022440 0.027563
0 0.612960 0.524409 0.020908 0.039055
0 0.228887 0.475510 0.023863 0.028825
0 0.285357 0.573466 0.023509 0.030807
0 0.294777 0.554576 0.021705 0.033182
0 0.113460 0.567341 0.017690 0.035217
0 0.991190 0.396036 0.017620 0.035741
0 0.967941 0.548131 0.037561 0.050088
0 0.278195 0.534199 0.031003 0.037521
0 0.199827 0.470130 0.018476 0.027927
0 0.192548 0.804295 0.021724 0.037878
0 0.882567 0.543040 0.030133 0.041629
0 0.335419 0.666163 0.026436 0.044942
0 0.230286 0.755062 0.018555 0.040733
0 0.105105 0.240130 0.028384 0.036331
0 0.120105 0.764143 0.039893 0.033241
0 0.061400 0.401455 0.039069 0.051284
0 0.126736 0.357446 0.031839 0.043533
0 0.810011 0.213302 0.030850 0.047021
0 0.881146 0.958079 0.020279 0.036109
0 0.866966 0.602199 0.024044 0.038918
0 0.223562 0.429910 0.019825 0.033441
0 0.136714 0.866338 0.021824 0.051683
0 0.082488 0.566686 0.018085 0.030984
0 0.951419 0.751547 0.020937 0.029812
0 0.793995 0.504000 0.023837 0.046704
0 0.886434 0.353496 0.025363 0.042703
0 0.173671 0.196752 0.033752 0.044351
0 0.114981 0.855738 0.025163 0.054236
0 0.378187 0.538219 0.017761 0.033172
0 0.397981 0.504067 0.017731 0.035650
0 0.963963 0.856697 0.019961 0.037628
0 0.043634 0.589501 0.021313 0.036226
0 0.133994 0.484020 0.024404 0.039247
0 0.208935 0.588800 0.019059 0.032064
0 0.273029 0.676632 0.030094 0.049028
0 0.844225 0.386333 0.040457 0.052665
0 0.417073 0.524962 0.027701 0.037673
0 0.301440 0.630591 0.021626 0.033717
0 0.856967 0.458801 0.037251 0.042347
0 0.820665 0.098063 0.025782 0.038220
0 0.267353 0.774325 0.021972 0.037342
0 0.343085 0.529255 0.025717 0.040822
0 0.643890 0.727757 0.020180 0.035927
0 0.549681 0.668568 0.022562 0.035631
0 0.347026 0.738026 0.027158 0.044364
0 0.554001 0.290024 0.029922 0.045945
0 0.800621 0.027465 0.029107 0.045479
0 0.678094 0.518194 0.022271 0.039792
0 0.725237 0.471969 0.030253 0.042969
0 0.409114 0.587380 0.034671 0.043716
0 0.584041 0.675203 0.022448 0.047035
0 0.825447 0.236301 0.027726 0.045662
0 0.465673 0.147260 0.017164 0.041096
0 0.468644 0.285959 0.019144 0.033105