0 0.537843 0.669247 0.017449 0.026710
0 0.600753 0.260187 0.009772 0.015747
0 0.374169 0.336383 0.011551 0.018962
0 0.966628 0.579477 0.008827 0.018119
0 0.890939 0.453625 0.009437 0.017359
0 0.551390 0.072213 0.013814 0.025048
0 0.556602 0.200360 0.010177 0.015402
0 0.860290 0.742335 0.012468 0.020808
0 0.363551 0.589814 0.032374 0.041103
0 0.387393 0.744071 0.015520 0.019633
0 0.570904 0.176832 0.011825 0.016398
0 0.618010 0.313256 0.014039 0.021623
0 0.215220 0.135583 0.012389 0.025116
0 0.924099 0.881874 0.014682 0.026274
0 0.910801 0.795047 0.015084 0.024439
0 0.257737 0.302223 0.012290 0.020430
0 0.335577 0.523140 0.020993 0.034286
0 0.119864 0.355473 0.010916 0.017408
0 0.529422 0.068430 0.012615 0.020724
0 0.045884 0.277093 0.011866 0.022251
0 0.453431 0.327569 0.013139 0.021506
0 0.940905 0.301535 0.014288 0.022399
0 0.205264 0.591865 0.023569 0.036945
0 0.077014 0.434851 0.013972 0.023052
0 0.909237 0.681576 0.014547 0.022180
0 0.235491 0.373602 0.012904 0.020542
0 0.150475 0.497650 0.015521 0.026143
0 0.223321 0.430501 0.015026 0.024641
0 0.374219 0.373616 0.012845 0.021055
0 0.392605 0.326317 0.012498 0.019865
0 0.981880 0.209365 0.011448 0.018936
0 0.817379 0.547567 0.014437 0.022300
0 0.217686 0.303543 0.014080 0.021233
0 0.977869 0.870470 0.017411 0.027157
0 0.906314 0.112963 0.012210 0.019503
0 0.919192 0.234052 0.011786 0.019878
0 0.897196 0.229272 0.012564 0.021148
0 0.672908 0.728377 0.023659 0.037905