0 0.094028 0.879925 0.022526 0.049662
0 0.779417 0.191013 0.026166 0.058962
0 0.135563 0.703812 0.018768 0.036482
0 0.517666 0.479576 0.019581 0.035638
0 0.215463 0.309160 0.013986 0.025949
0 0.633455 0.178370 0.029089 0.055693
0 0.527612 0.224706 0.029660 0.065070
0 0.129403 0.943835 0.031559 0.065159
0 0.617054 0.220581 0.030530 0.050936
0 0.431860 0.458775 0.016883 0.039313
0 0.077700 0.018994 0.026902 0.037987
0 0.479074 0.466682 0.020196 0.042340
0 0.400111 0.465576 0.020749 0.044020
0 0.338006 0.092853 0.021416 0.042829
0 0.352058 0.161773 0.022555 0.043782
0 0.895588 0.615072 0.060571 0.112668
0 0.303234 0.159746 0.024466 0.048714
0 0.226817 0.395477 0.030444 0.061619
0 0.722202 0.042371 0.033136 0.069968
0 0.940226 0.112984 0.055593 0.101594