0 0.094621 0.733662 0.015151 0.022759
0 0.013015 0.501423 0.015677 0.022497
0 0.320256 0.781876 0.021075 0.031389
0 0.309820 0.804818 0.016706 0.022231
0 0.485259 0.983593 0.023494 0.027754
0 0.030460 0.453139 0.015298 0.024968
0 0.024186 0.904265 0.015695 0.021875
0 0.018924 0.854691 0.023470 0.039092
0 0.263370 0.599151 0.019349 0.023506
0 0.116263 0.659029 0.016747 0.028017
0 0.462292 0.503993 0.016588 0.026641
0 0.498530 0.924702 0.015236 0.021005
0 0.169682 0.571617 0.021008 0.027665
0 0.502813 0.575551 0.020781 0.028756
0 0.391138 0.964226 0.016140 0.022696
0 0.395278 0.919742 0.013273 0.018340
0 0.464247 0.918103 0.014640 0.021903
0 0.101768 0.775421 0.026001 0.035328
0 0.101410 0.864363 0.019187 0.026862
0 0.067932 0.623924 0.015967 0.024117
0 0.188404 0.643029 0.025447 0.033356
0 0.080140 0.661607 0.018905 0.027681
0 0.427882 0.845760 0.018682 0.024083
0 0.416831 0.926129 0.017075 0.023052
0 0.467069 0.604183 0.019155 0.023979
0 0.166528 0.708672 0.021885 0.024914
0 0.242255 0.702985 0.016996 0.027666
0 0.457401 0.744728 0.016437 0.022858
0 0.495817 0.822250 0.018115 0.024131
0 0.306462 0.502317 0.018707 0.028051
0 0.971626 0.116742 0.056521 0.081575
0 0.473827 0.029553 0.032113 0.044933
0 0.577955 0.318827 0.033814 0.039404
0 0.609512 0.690499 0.028677 0.033218
0 0.435844 0.319438 0.026301 0.031117
0 0.628546 0.077419 0.052179 0.076264