0 0.274071 0.272038 0.017258 0.029493
0 0.427404 0.706954 0.014653 0.029397
0 0.546583 0.775365 0.019452 0.039543
0 0.403255 0.043857 0.019397 0.025809
0 0.928284 0.344621 0.023833 0.030522
0 0.396922 0.281834 0.018457 0.026063
0 0.026094 0.905941 0.014293 0.022739
0 0.308958 0.338391 0.018901 0.028369
0 0.580585 0.580570 0.017118 0.027439
0 0.072007 0.017468 0.020286 0.034935
0 0.337200 0.308163 0.018971 0.028449
0 0.273690 0.705461 0.018550 0.031879
0 0.414642 0.300499 0.018274 0.028514
0 0.512692 0.062906 0.016555 0.026622
0 0.443733 0.403875 0.017774 0.041111
0 0.743819 0.057998 0.020560 0.032278
0 0.675295 0.810191 0.023407 0.037876
0 0.387950 0.576568 0.022123 0.027958