0 0.337805 0.641551 0.013192 0.017698
0 0.159658 0.607317 0.011405 0.015259
0 0.062798 0.368228 0.011349 0.015190
0 0.731252 0.652054 0.012439 0.016979
0 0.029216 0.587915 0.012111 0.016233
0 0.404958 0.059447 0.012465 0.016363
0 0.055319 0.263238 0.009801 0.016901
0 0.111166 0.268363 0.010820 0.016329
0 0.719430 0.367461 0.012957 0.017384
0 0.292052 0.641445 0.016331 0.020912
0 0.089042 0.153420 0.015638 0.019657
0 0.036568 0.496615 0.011553 0.015943
0 0.169747 0.061369 0.013868 0.018260
0 0.301127 0.601005 0.016797 0.019807
0 0.912999 0.553391 0.015116 0.020518
0 0.723320 0.119068 0.014354 0.022009
0 0.733821 0.149151 0.013546 0.018442
0 0.214898 0.152903 0.013686 0.019159