0 0.350829 0.030800 0.021199 0.023400
0 0.538999 0.980776 0.020118 0.030790
0 0.270097 0.068589 0.050192 0.051249
0 0.548605 0.096547 0.017793 0.023495
0 0.604981 0.835927 0.017361 0.026018
0 0.542672 0.359915 0.035637 0.054477
0 0.453609 0.007803 0.026020 0.015606
0 0.192641 0.517707 0.023015 0.032488
0 0.216196 0.851249 0.019008 0.027394
0 0.518371 0.945726 0.019092 0.028973
0 0.359475 0.350014 0.030928 0.035341
0 0.510044 0.805018 0.019713 0.026165
0 0.298732 0.532418 0.024762 0.032422
0 0.637812 0.874282 0.015383 0.027591
0 0.492400 0.114596 0.022538 0.037833
0 0.881072 0.688242 0.022939 0.032667
0 0.502130 0.886630 0.021645 0.035997
0 0.848462 0.878493 0.031957 0.057415
0 0.594692 0.973381 0.017770 0.028458
0 0.422809 0.563957 0.021129 0.028427
0 0.570730 0.379675 0.030208 0.042563
0 0.397139 0.160644 0.025384 0.033532
0 0.794187 0.740564 0.034459 0.054403