0 0.446165 0.135881 0.013057 0.017584
0 0.479565 0.070422 0.012189 0.017418
0 0.245161 0.440568 0.014128 0.020628
0 0.091714 0.458042 0.019383 0.025756
0 0.451393 0.192945 0.013653 0.019239
0 0.276418 0.056237 0.013866 0.020999
0 0.403034 0.083104 0.015689 0.020406
0 0.482594 0.103861 0.017441 0.021054
0 0.448570 0.037466 0.013482 0.020344
0 0.347404 0.169726 0.014325 0.020757
0 0.309168 0.084044 0.013406 0.019316
0 0.285267 0.296426 0.019132 0.022133
0 0.284986 0.411959 0.014291 0.020606
0 0.447941 0.152994 0.013417 0.019462
0 0.405743 0.111018 0.013751 0.017996
0 0.656301 0.025933 0.014730 0.018836