0 0.290083 0.691791 0.028569 0.036376
0 0.902654 0.643919 0.016301 0.021447
0 0.959265 0.840417 0.019254 0.027279
0 0.140283 0.766840 0.031787 0.030730
0 0.738070 0.543841 0.014199 0.017869
0 0.627786 0.314821 0.019873 0.024416
0 0.028914 0.262558 0.015811 0.019637
0 0.639112 0.263234 0.015399 0.017827
0 0.957432 0.444219 0.024311 0.028807
0 0.673556 0.301299 0.026473 0.019802
0 0.019931 0.697671 0.013485 0.016338
0 0.578820 0.708920 0.015719 0.020821
0 0.185609 0.523449 0.017352 0.020255
0 0.917992 0.525854 0.013164 0.018201
0 0.639333 0.558228 0.017517 0.018554
0 0.512152 0.557279 0.017849 0.017661
0 0.568642 0.240193 0.014791 0.017822
0 0.223517 0.746193 0.011951 0.015447
0 0.765794 0.279737 0.015270 0.018274
0 0.993208 0.700450 0.010649 0.020921
0 0.165096 0.710160 0.013975 0.018933
0 0.466036 0.523151 0.013666 0.017533
0 0.257854 0.701807 0.014985 0.017221
0 0.330087 0.904752 0.014667 0.017426
0 0.905151 0.373925 0.012413 0.017460
0 0.162413 0.635767 0.014538 0.022887
0 0.508045 0.395953 0.018054 0.024473
0 0.060885 0.648422 0.015610 0.019698
0 0.861129 0.528981 0.016224 0.020917
0 0.904071 0.300557 0.018280 0.020952
0 0.912182 0.858554 0.013773 0.018728
0 0.301290 0.610006 0.016717 0.018578
0 0.471569 0.916139 0.021633 0.023573
0 0.366999 0.533435 0.016067 0.020521
0 0.109116 0.637365 0.019313 0.025507
0 0.379172 0.294906 0.032104 0.029422
0 0.280281 0.370634 0.020359 0.024360
0 0.133431 0.558236 0.029744 0.030130
0 0.678672 0.818966 0.020185 0.028186
0 0.152657 0.303511 0.030590 0.039434
0 0.705783 0.883013 0.022903 0.029293
0 0.807666 0.736992 0.023561 0.026747