0 0.355058 0.384494 0.020037 0.025242
0 0.155445 0.509598 0.011519 0.016352
0 0.716796 0.731982 0.013750 0.019268
0 0.005806 0.988509 0.011612 0.019594
0 0.320767 0.145653 0.017380 0.019525
0 0.627648 0.209469 0.020849 0.025415
0 0.116361 0.717684 0.012985 0.017493
0 0.159735 0.459671 0.016102 0.015769
0 0.029959 0.651750 0.012537 0.021595
0 0.056537 0.980387 0.014143 0.019276
0 0.009061 0.764854 0.013565 0.018549
0 0.084438 0.714763 0.013607 0.016717
0 0.058712 0.624643 0.014313 0.020510
0 0.184087 0.524287 0.016260 0.018296
0 0.448688 0.572849 0.018101 0.025007
0 0.262787 0.871579 0.017230 0.024045
0 0.030282 0.784412 0.017395 0.022051
0 0.531236 0.655558 0.020812 0.026091