0 0.952114 0.008729 0.016029 0.017010
0 0.414537 0.569987 0.010581 0.015878
0 0.301523 0.245636 0.011895 0.016496
0 0.914058 0.062472 0.014694 0.020973
0 0.171385 0.040546 0.013421 0.019102
0 0.336285 0.300615 0.013836 0.020168
0 0.394781 0.010765 0.017441 0.019047
0 0.373302 0.037956 0.013894 0.018892
0 0.773642 0.531851 0.010514 0.017168
0 0.080890 0.182787 0.014827 0.021207
0 0.916638 0.363990 0.011087 0.016404
0 0.429913 0.551036 0.012576 0.018738
0 0.345807 0.818806 0.010380 0.016372
0 0.503545 0.478687 0.011720 0.016300
0 0.614072 0.534474 0.010233 0.017681
0 0.675776 0.508825 0.011250 0.018275
0 0.719454 0.588752 0.010446 0.015883
0 0.637830 0.464434 0.012036 0.016927
0 0.234265 0.555151 0.012463 0.016361
0 0.197295 0.619839 0.011671 0.016600
0 0.578849 0.526962 0.009947 0.016339
0 0.033066 0.353342 0.011891 0.017485
0 0.545256 0.705444 0.011224 0.015691
0 0.972809 0.403424 0.016324 0.023006
0 0.634798 0.529402 0.010400 0.018442
0 0.766174 0.036395 0.019744 0.024455
0 0.717632 0.499314 0.010796 0.016912
0 0.386349 0.881568 0.013477 0.021980
0 0.764938 0.401472 0.011349 0.017225
0 0.091884 0.910198 0.013742 0.019328
0 0.257622 0.334587 0.014793 0.020543
0 0.275888 0.689548 0.011529 0.014870
0 0.669171 0.602283 0.010655 0.017399
0 0.969152 0.473340 0.011555 0.017702
0 0.697406 0.281192 0.012459 0.019170
0 0.825074 0.181804 0.013876 0.017598
0 0.730413 0.840696 0.010541 0.016169
0 0.715456 0.387007 0.013642 0.020307
0 0.764069 0.321946 0.015642 0.022081
0 0.205964 0.776664 0.014366 0.024505
0 0.666210 0.964609 0.014681 0.020486
0 0.486969 0.669831 0.016929 0.019997
0 0.724873 0.940738 0.015974 0.020317