0 0.603321 0.662546 0.013473 0.017932
0 0.535606 0.496425 0.008546 0.012608
0 0.822684 0.277516 0.008715 0.013153
0 0.326759 0.525919 0.008981 0.013315
0 0.988082 0.397827 0.007013 0.010636
0 0.914600 0.628410 0.008159 0.013457
0 0.543501 0.486777 0.008459 0.012229
0 0.932536 0.619207 0.008157 0.013986
0 0.845781 0.890431 0.012111 0.016198
0 0.862754 0.581853 0.008112 0.012558
0 0.862191 0.460434 0.007899 0.013134
0 0.938570 0.490447 0.008502 0.011048
0 0.864915 0.873105 0.013791 0.018502
0 0.811899 0.918765 0.010607 0.014375
0 0.901166 0.716104 0.012616 0.016010
0 0.581671 0.725590 0.008824 0.011444
0 0.745872 0.220170 0.009761 0.012708
0 0.985945 0.731047 0.009978 0.011829
0 0.994795 0.694844 0.007699 0.013375
0 0.112881 0.332119 0.015329 0.021720
0 0.611040 0.799323 0.015266 0.013480
0 0.940862 0.325436 0.008561 0.012833
0 0.961821 0.427397 0.009672 0.012125
0 0.784281 0.647486 0.009445 0.012239
0 0.456300 0.666782 0.009796 0.014778
0 0.503787 0.645329 0.008868 0.013344
0 0.969027 0.837469 0.009880 0.013216
0 0.743991 0.498039 0.009783 0.013076
0 0.713061 0.589840 0.009179 0.013485
0 0.968604 0.566727 0.017948 0.012121
0 0.773621 0.436141 0.010610 0.014987
0 0.659549 0.492484 0.009282 0.012910
0 0.985425 0.523597 0.010031 0.014391
0 0.829704 0.763022 0.011726 0.017048
0 0.666153 0.392211 0.018456 0.017373
0 0.405559 0.460215 0.009017 0.016563
0 0.953668 0.726475 0.010614 0.015004
0 0.349536 0.529998 0.009915 0.014163
0 0.316528 0.490570 0.011692 0.014923
0 0.323186 0.403449 0.014056 0.018532
0 0.692693 0.501495 0.012747 0.016401
0 0.792049 0.500291 0.010928 0.014328
0 0.427091 0.407654 0.015719 0.021835
0 0.678288 0.252059 0.016178 0.018466