0 0.199653 0.899648 0.013798 0.021554
0 0.235659 0.252716 0.013310 0.029880
0 0.156971 0.641190 0.016258 0.024392
0 0.426891 0.233697 0.015604 0.025957
0 0.870305 0.693652 0.017830 0.032987
0 0.645214 0.473020 0.015487 0.029331
0 0.006757 0.401094 0.013513 0.030892
0 0.955465 0.099712 0.023317 0.039371
0 0.403858 0.976050 0.012734 0.024925
0 0.635717 0.282619 0.030278 0.041910
0 0.691995 0.290955 0.018420 0.032552
0 0.277162 0.631284 0.022584 0.045163
0 0.415610 0.778099 0.014621 0.024387
0 0.213743 0.322585 0.022360 0.043159
0 0.047359 0.386487 0.023872 0.039805
0 0.257491 0.906369 0.015459 0.026994
0 0.254923 0.731738 0.016527 0.023926
0 0.511780 0.261362 0.014816 0.027543
0 0.230300 0.720742 0.017302 0.028173
0 0.924995 0.420455 0.024078 0.038972
0 0.220039 0.654711 0.017404 0.025337
0 0.596783 0.594692 0.022073 0.031015
0 0.338169 0.106973 0.017662 0.028658
0 0.191456 0.219236 0.020657 0.033263
0 0.375296 0.988737 0.017797 0.021385
0 0.278535 0.691292 0.023089 0.035529
0 0.318592 0.297948 0.014304 0.028226
0 0.470771 0.253072 0.017723 0.026284
0 0.682240 0.605154 0.018227 0.036406
0 0.116940 0.612971 0.023733 0.023140
0 0.007773 0.527140 0.015524 0.034934
0 0.498133 0.427786 0.013620 0.025625
0 0.537474 0.344539 0.015168 0.027588
0 0.415221 0.848559 0.015641 0.025098
0 0.190503 0.703108 0.022143 0.031688
0 0.366981 0.130959 0.018715 0.033919
0 0.455918 0.440639 0.015322 0.030952
0 0.173541 0.406140 0.018379 0.037150
0 0.785708 0.559728 0.030411 0.068304
0 0.167370 0.582163 0.030459 0.052574
0 0.053645 0.709381 0.020298 0.026748
0 0.061613 0.387340 0.025647 0.042017
0 0.276474 0.312131 0.017573 0.035899
0 0.518293 0.710615 0.022335 0.040940
0 0.335364 0.912017 0.017122 0.031737
0 0.149787 0.705454 0.020428 0.043319
0 0.093256 0.390425 0.019303 0.030841
0 0.382937 0.398208 0.017659 0.032525
0 0.410026 0.924305 0.023321 0.046419
0 0.867932 0.435002 0.031065 0.052933
0 0.013118 0.355815 0.026179 0.054059
0 0.460715 0.562631 0.023870 0.046242
0 0.284037 0.738824 0.029902 0.044032
0 0.142537 0.398530 0.028125 0.039982
0 0.320168 0.646391 0.032992 0.038432
0 0.229906 0.567964 0.036800 0.040927
0 0.041358 0.291751 0.032826 0.050059
0 0.408878 0.526291 0.026935 0.045570
0 0.443745 0.653036 0.028835 0.048357