0 0.389097 0.586282 0.010125 0.014238
0 0.126253 0.380956 0.010032 0.014104
0 0.436990 0.239161 0.014429 0.026727
0 0.242523 0.300852 0.012482 0.015217
0 0.877284 0.898078 0.019288 0.021089
0 0.054726 0.528824 0.010129 0.013200
0 0.288017 0.358268 0.011530 0.015981
0 0.360440 0.530423 0.013652 0.016388
0 0.161802 0.493753 0.011072 0.014924
0 0.205101 0.533159 0.014856 0.016904
0 0.175445 0.720738 0.014215 0.016346
0 0.069809 0.593602 0.010246 0.015016
0 0.245670 0.548802 0.010709 0.015018
0 0.075341 0.806608 0.011229 0.015727
0 0.444225 0.835748 0.014890 0.020011
0 0.476175 0.988470 0.021482 0.022698
0 0.909317 0.321085 0.014690 0.021431
0 0.195903 0.555367 0.013586 0.017675
0 0.255308 0.600020 0.010581 0.016226
0 0.797579 0.950637 0.026601 0.031996
0 0.613290 0.946799 0.026885 0.035664
0 0.383798 0.885914 0.024002 0.029989
0 0.458279 0.964263 0.026290 0.035417
0 0.509088 0.981400 0.037122 0.037187