0 0.934439 0.058250 0.012434 0.022742
0 0.061570 0.020623 0.014003 0.022469
0 0.826754 0.562021 0.014037 0.027944
0 0.268941 0.172683 0.016016 0.025960
0 0.937364 0.738166 0.018277 0.026224
0 0.830896 0.617220 0.016905 0.027634
0 0.045836 0.248133 0.014267 0.027514
0 0.682042 0.837409 0.018889 0.028408
0 0.799352 0.761560 0.017474 0.025344
0 0.813676 0.709356 0.015813 0.024573
0 0.458822 0.729675 0.019907 0.034945
0 0.081719 0.113456 0.014049 0.029641
0 0.848789 0.015246 0.014719 0.023123
0 0.823856 0.828114 0.015893 0.024054
0 0.680602 0.482662 0.015451 0.041509
0 0.314907 0.467236 0.019932 0.030738
0 0.970585 0.429039 0.013716 0.022734
0 0.482452 0.202216 0.014662 0.024320
0 0.458358 0.549982 0.014934 0.032030
0 0.547089 0.257127 0.017740 0.026471
0 0.085117 0.238794 0.014740 0.031812
0 0.218323 0.868146 0.021872 0.031964
0 0.871449 0.808693 0.016454 0.026868
0 0.851146 0.108002 0.016156 0.024366
0 0.708101 0.252420 0.021217 0.023796
0 0.866488 0.268290 0.016843 0.028168
0 0.330881 0.153567 0.015531 0.029009
0 0.960908 0.013758 0.018752 0.019313
0 0.425842 0.603142 0.021511 0.032384
0 0.807184 0.292803 0.024794 0.028676
0 0.199100 0.252539 0.022362 0.029918
0 0.526926 0.375960 0.015961 0.031925
0 0.664906 0.389905 0.024579 0.031898
0 0.244032 0.043725 0.050517 0.065086
0 0.214869 0.341321 0.025897 0.033802
0 0.456571 0.462659 0.024180 0.036594