0 0.359076 0.119591 0.010834 0.015155
0 0.376980 0.404275 0.012208 0.015587
0 0.152239 0.396555 0.024097 0.023156
0 0.138619 0.722108 0.010502 0.012900
0 0.560961 0.357781 0.011443 0.015964
0 0.116525 0.428361 0.012685 0.017797
0 0.377620 0.554451 0.012719 0.016422
0 0.045634 0.671109 0.011329 0.015619
0 0.593096 0.985658 0.013309 0.027764
0 0.176824 0.556133 0.014044 0.016182
0 0.911721 0.193429 0.023873 0.038684
0 0.568566 0.765415 0.011973 0.017741
0 0.665979 0.458079 0.013899 0.021868
0 0.653907 0.835837 0.015136 0.019409
0 0.017964 0.609097 0.013081 0.015312
0 0.375996 0.349202 0.017839 0.023345
0 0.285005 0.748225 0.013176 0.019121
0 0.104240 0.458533 0.013502 0.017585
0 0.493912 0.634878 0.010966 0.014867
0 0.465211 0.696958 0.013472 0.016150
0 0.476256 0.564921 0.012762 0.017892
0 0.440380 0.275988 0.013888 0.020075
0 0.634749 0.157187 0.013941 0.021023
0 0.230778 0.601722 0.017042 0.019250
0 0.073986 0.760341 0.016403 0.017622
0 0.612099 0.324254 0.019826 0.022783
0 0.503762 0.919417 0.016064 0.022047
0 0.220993 0.833874 0.015560 0.019866
0 0.590236 0.566555 0.016344 0.020943
0 0.238958 0.691472 0.017677 0.018705
0 0.511358 0.869754 0.018621 0.024766