0 0.962959 0.014756 0.011537 0.018891
0 0.685629 0.062546 0.012467 0.021624
0 0.793213 0.173733 0.013073 0.021854
0 0.741856 0.484841 0.011827 0.019073
0 0.043895 0.181795 0.014759 0.021893
0 0.101248 0.648223 0.018248 0.030460
0 0.577729 0.035786 0.014348 0.023022
0 0.950496 0.411194 0.017183 0.023349
0 0.760374 0.749919 0.014421 0.024845
0 0.013279 0.359831 0.022360 0.030926
0 0.770403 0.508860 0.014206 0.020934
0 0.836236 0.133739 0.013280 0.020404
0 0.223269 0.245602 0.016042 0.021696
0 0.851817 0.227269 0.013894 0.021908
0 0.729926 0.548448 0.013098 0.020218
0 0.503021 0.032229 0.013216 0.018954
0 0.403652 0.302157 0.015355 0.025213
0 0.586281 0.196098 0.012464 0.020301
0 0.728377 0.461212 0.012477 0.021012
0 0.828313 0.224653 0.014159 0.019690
0 0.763430 0.176925 0.013895 0.022647
0 0.831039 0.172897 0.013039 0.021815
0 0.904694 0.473661 0.020981 0.028012
0 0.515833 0.943339 0.024498 0.035254
0 0.693150 0.410604 0.020512 0.026901
0 0.664168 0.049752 0.016004 0.023987
0 0.336373 0.018100 0.017293 0.024668
0 0.645521 0.856451 0.016646 0.024874
0 0.282497 0.351025 0.018867 0.025332
0 0.133908 0.272116 0.017278 0.026395
0 0.227406 0.563068 0.016259 0.025928
0 0.187374 0.258789 0.018026 0.027701