0 0.441966 0.846992 0.014043 0.018601
0 0.371341 0.837714 0.011785 0.018361
0 0.613527 0.912015 0.011880 0.016266
0 0.465365 0.395285 0.012235 0.023197
0 0.210315 0.127383 0.014437 0.020288
0 0.405664 0.274825 0.013844 0.020466
0 0.284332 0.686868 0.013295 0.023171
0 0.092090 0.582256 0.012938 0.020482
0 0.180018 0.666252 0.013585 0.019332
0 0.267152 0.403631 0.013814 0.019890
0 0.281788 0.141188 0.016200 0.023786
0 0.171574 0.632657 0.014141 0.024878
0 0.721765 0.175096 0.013337 0.021164
0 0.296111 0.258167 0.014038 0.021814
0 0.533475 0.488968 0.013410 0.020267
0 0.472629 0.723973 0.011762 0.019454
0 0.506725 0.854208 0.013355 0.019442
0 0.417582 0.740142 0.012749 0.019610
0 0.575770 0.570427 0.013612 0.020219
0 0.842143 0.773629 0.015048 0.018674
0 0.746098 0.917630 0.013178 0.018225
0 0.607345 0.741702 0.011258 0.019595
0 0.625567 0.767672 0.013190 0.019011
0 0.514137 0.358019 0.013454 0.020070
0 0.540766 0.303164 0.014407 0.021906
0 0.698624 0.551817 0.012881 0.020437
0 0.587104 0.469904 0.014965 0.021094
0 0.826693 0.848510 0.013226 0.018924
0 0.600856 0.392217 0.014833 0.019342
0 0.995151 0.050403 0.009588 0.027528
0 0.533267 0.708747 0.015790 0.025326
0 0.624584 0.535087 0.014607 0.022012
0 0.715545 0.734580 0.013417 0.021384
0 0.861854 0.103906 0.018735 0.025340