0 0.182390 0.490957 0.015366 0.018803
0 0.265872 0.002997 0.019684 0.005907
0 0.255132 0.156197 0.014245 0.019784
0 0.002770 0.748254 0.005530 0.023620
0 0.420645 0.057830 0.014656 0.021305
0 0.465036 0.136776 0.015464 0.020905
0 0.161390 0.900234 0.019514 0.021096
0 0.003026 0.257159 0.005963 0.030475
0 0.273301 0.557665 0.018363 0.025158
0 0.113947 0.084056 0.018099 0.020951
0 0.156272 0.799290 0.018087 0.027635
0 0.181248 0.680044 0.022278 0.024260
0 0.170459 0.558772 0.019999 0.028175
0 0.216235 0.069114 0.019390 0.025655
0 0.082363 0.600142 0.028584 0.028318
0 0.287200 0.187320 0.022360 0.028784
0 0.172407 0.137767 0.021145 0.028328
0 0.039406 0.534157 0.025547 0.025168