0 0.918045 0.291102 0.015539 0.031291
0 0.362748 0.862147 0.018778 0.029240
0 0.115476 0.465650 0.018981 0.027878
0 0.454964 0.737747 0.014857 0.029917
0 0.054180 0.030321 0.015251 0.023193
0 0.745541 0.011392 0.017011 0.019369
0 0.097168 0.018442 0.014702 0.021631
0 0.783950 0.021849 0.021535 0.039800
0 0.552788 0.257747 0.019725 0.037638
0 0.607808 0.763729 0.021047 0.031887
0 0.658762 0.356308 0.020038 0.035154
0 0.590001 0.450272 0.020286 0.035700
0 0.339937 0.686409 0.027786 0.060426
0 0.733756 0.121705 0.023435 0.039436