0 0.953953 0.779587 0.021383 0.027064
0 0.580259 0.857927 0.021531 0.031183
0 0.664027 0.886649 0.022296 0.027478
0 0.791991 0.974357 0.022797 0.030374
0 0.862787 0.662290 0.019978 0.030094
0 0.827267 0.654799 0.019896 0.028543
0 0.732282 0.652023 0.023373 0.034790
0 0.869814 0.448619 0.021921 0.033513
0 0.386912 0.660499 0.023058 0.034160
0 0.300262 0.787488 0.026298 0.033752
0 0.622290 0.011440 0.027188 0.022880
0 0.606629 0.263391 0.026738 0.036726
0 0.649352 0.090778 0.033895 0.046269
0 0.527110 0.407778 0.030603 0.040388