0 0.794196 0.726266 0.012562 0.018199
0 0.412797 0.339801 0.016510 0.022939
0 0.587464 0.671712 0.012027 0.017976
0 0.020810 0.052231 0.010289 0.019470
0 0.301845 0.317533 0.018082 0.024057
0 0.527148 0.306098 0.016831 0.024431
0 0.340622 0.028681 0.011622 0.017522
0 0.065286 0.326119 0.018288 0.017944
0 0.967548 0.336588 0.016280 0.020736
0 0.612476 0.142695 0.021776 0.028490
0 0.019481 0.415039 0.013793 0.016840
0 0.040743 0.333447 0.013002 0.020379
0 0.890127 0.780229 0.012324 0.021960
0 0.264609 0.668239 0.010589 0.016527
0 0.269541 0.732140 0.011266 0.016298
0 0.410308 0.162432 0.016381 0.021571
0 0.339268 0.745340 0.010224 0.016880
0 0.242376 0.601186 0.012416 0.016057
0 0.731627 0.088638 0.017431 0.023453
0 0.104382 0.038928 0.016363 0.021751
0 0.250295 0.893632 0.010409 0.016952
0 0.290537 0.847027 0.012080 0.017994
0 0.559717 0.099216 0.022761 0.029085
0 0.162017 0.178287 0.024102 0.031532
0 0.247072 0.929076 0.011992 0.018183
0 0.085523 0.687518 0.021093 0.024613
0 0.568256 0.953407 0.019165 0.024227
0 0.522799 0.509572 0.035660 0.043993