0 0.020478 0.786329 0.012686 0.015627
0 0.294099 0.504164 0.014502 0.016692
0 0.625908 0.106708 0.014776 0.016642
0 0.546088 0.070793 0.032249 0.035275
0 0.247516 0.075308 0.017129 0.017567
0 0.266672 0.598698 0.016174 0.017965
0 0.244960 0.987904 0.012751 0.016449
0 0.225591 0.281697 0.015430 0.016037
0 0.292292 0.822187 0.016354 0.019990
0 0.097630 0.894570 0.016224 0.016999
0 0.125290 0.496281 0.016031 0.017223
0 0.132124 0.460509 0.017064 0.017279
0 0.271396 0.630236 0.016427 0.018390
0 0.248809 0.176356 0.023351 0.023109
0 0.172296 0.590249 0.013653 0.017509
0 0.558853 0.104823 0.027410 0.024767
0 0.374593 0.061040 0.019058 0.019196
0 0.399949 0.197026 0.017430 0.021925
0 0.401122 0.172385 0.018045 0.023798
0 0.208859 0.544889 0.017178 0.019864
0 0.280792 0.130327 0.021401 0.019454
0 0.335042 0.325203 0.015525 0.018581
0 0.461145 0.063328 0.019360 0.019624
0 0.633222 0.682716 0.019511 0.023552
0 0.337144 0.356469 0.016358 0.023657
0 0.612485 0.075859 0.019070 0.022969
0 0.450692 0.587545 0.030593 0.025578
0 0.451842 0.354193 0.025480 0.025212
0 0.658774 0.217448 0.022656 0.023667
0 0.279378 0.713581 0.031644 0.032648
0 0.510990 0.134494 0.026693 0.026997
0 0.564791 0.156563 0.037253 0.030613
0 0.715966 0.066438 0.021147 0.029604
0 0.508266 0.186211 0.022436 0.024875
0 0.575060 0.328594 0.022481 0.026143
0 0.678961 0.373450 0.035334 0.032548