0 0.295383 0.569529 0.020962 0.036501
0 0.074885 0.905242 0.028054 0.094482
0 0.479794 0.269645 0.016924 0.024795
0 0.176687 0.195632 0.035319 0.061805
0 0.062232 0.681543 0.023151 0.032032
0 0.457253 0.611555 0.023045 0.034674
0 0.356815 0.491443 0.028593 0.051489
0 0.356838 0.328692 0.019697 0.029286
0 0.247722 0.326655 0.032890 0.040801
0 0.556453 0.349231 0.019512 0.029495
0 0.302791 0.442650 0.041669 0.069386
0 0.457372 0.327410 0.020685 0.035228
0 0.386517 0.397797 0.032184 0.058230
0 0.523878 0.239018 0.035372 0.061842