0 0.426758 0.254912 0.026223 0.052716
0 0.019243 0.760869 0.038486 0.073276
0 0.309083 0.251244 0.016320 0.032813
0 0.826931 0.730048 0.021214 0.040285
0 0.134367 0.266408 0.036235 0.071688
0 0.310410 0.180429 0.021487 0.037027
0 0.199009 0.232862 0.019645 0.036484
0 0.762577 0.017522 0.027324 0.035045
0 0.822011 0.821392 0.025426 0.047358
0 0.196896 0.863784 0.021678 0.043201
0 0.441746 0.328236 0.022352 0.040130
0 0.703842 0.294223 0.039863 0.061071
0 0.427431 0.646202 0.019854 0.043453
0 0.885409 0.199003 0.038071 0.059505