0 0.277999 0.372134 0.012120 0.019119
0 0.585117 0.535505 0.014397 0.021238
0 0.374328 0.148076 0.014653 0.021628
0 0.931119 0.391961 0.027384 0.031602
0 0.286845 0.432314 0.014403 0.019602
0 0.434733 0.401261 0.014498 0.019496
0 0.362895 0.222283 0.015387 0.021499
0 0.838576 0.616699 0.016256 0.023690
0 0.026071 0.901992 0.016451 0.020907
0 0.806987 0.394367 0.034216 0.036997
0 0.446581 0.860486 0.021163 0.024655
0 0.547031 0.947265 0.027567 0.029649
0 0.831093 0.511180 0.027462 0.024633
0 0.745026 0.635794 0.021303 0.027469
0 0.463653 0.090264 0.016136 0.021591
0 0.971194 0.686342 0.017603 0.024439
0 0.631322 0.206200 0.024845 0.026504
0 0.131768 0.565867 0.015327 0.020370
0 0.454924 0.319698 0.014984 0.023879
0 0.734346 0.462261 0.017914 0.024734