0 0.245143 0.991635 0.016568 0.016386
0 0.609453 0.017752 0.029519 0.028059
0 0.248501 0.929573 0.016103 0.025831
0 0.819026 0.753686 0.017011 0.026459
0 0.640681 0.233524 0.014668 0.023481
0 0.869921 0.252783 0.017021 0.029175
0 0.706695 0.178861 0.019053 0.035713
0 0.936281 0.396016 0.018897 0.026545
0 0.533941 0.082066 0.019558 0.028995
0 0.773601 0.481667 0.022152 0.027223
0 0.816787 0.245506 0.018761 0.025900
0 0.066385 0.753810 0.015166 0.023083
0 0.462121 0.026259 0.020208 0.027846
0 0.460228 0.098313 0.019348 0.027073
0 0.713777 0.922996 0.015736 0.024701
0 0.267705 0.663051 0.019102 0.025502
0 0.313771 0.620680 0.020347 0.026009
0 0.936700 0.224394 0.024314 0.035911
0 0.967765 0.911259 0.015549 0.024743
0 0.190707 0.620860 0.021352 0.028931
0 0.573537 0.306996 0.026469 0.031926
0 0.735495 0.402597 0.022007 0.032462
0 0.726581 0.869610 0.015053 0.027719
0 0.859021 0.942205 0.018856 0.026283
0 0.757897 0.779996 0.020025 0.034665
0 0.703317 0.791763 0.020829 0.025610
0 0.941036 0.747965 0.020444 0.037543