0 0.417775 0.774105 0.018859 0.024149
0 0.443950 0.245153 0.016419 0.021458
0 0.156022 0.167207 0.014925 0.020372
0 0.845847 0.108966 0.017680 0.024503
0 0.652643 0.691631 0.018245 0.021351
0 0.404155 0.290958 0.015933 0.020507
0 0.159225 0.251778 0.018013 0.023043
0 0.073269 0.307732 0.014350 0.019377
0 0.215676 0.289103 0.020350 0.022709
0 0.078692 0.652738 0.015642 0.023147
0 0.165632 0.043796 0.014767 0.021054
0 0.340492 0.318291 0.016704 0.022991
0 0.222577 0.040882 0.017046 0.022436
0 0.138663 0.146549 0.016628 0.021162
0 0.479030 0.588167 0.020536 0.031003
0 0.191138 0.320218 0.021054 0.029110