0 0.273482 0.131677 0.023240 0.029232
0 0.644497 0.585992 0.024919 0.038896
0 0.350409 0.196765 0.021913 0.030922
0 0.741987 0.963873 0.045044 0.042415
0 0.006067 0.802238 0.012134 0.035396
0 0.604674 0.416205 0.023367 0.028852
0 0.852851 0.416036 0.023815 0.032936
0 0.255556 0.887473 0.037600 0.059457
0 0.543214 0.872519 0.028967 0.029411
0 0.461395 0.939730 0.036846 0.048206
0 0.373711 0.824583 0.027959 0.034379
0 0.451979 0.614600 0.028259 0.034250
0 0.580830 0.980790 0.029500 0.037779
0 0.992746 0.428977 0.014509 0.065842
0 0.718296 0.692646 0.060916 0.093333
0 0.737661 0.919500 0.043396 0.046512
0 0.303962 0.545556 0.028745 0.031856
0 0.496519 0.823882 0.043992 0.072208
0 0.549243 0.930684 0.032502 0.036379
0 0.652761 0.465095 0.024208 0.026707
0 0.064710 0.877418 0.031264 0.038899
0 0.370485 0.266310 0.041180 0.044439
0 0.317353 0.908139 0.030083 0.032190
0 0.067613 0.239907 0.030841 0.030408
0 0.025388 0.893768 0.032948 0.041733
0 0.338415 0.641935 0.031289 0.029614
0 0.680234 0.135432 0.047076 0.041453
0 0.124295 0.267662 0.058572 0.061877
0 0.280675 0.684015 0.030903 0.035578
0 0.712200 0.261765 0.032647 0.048255
0 0.188380 0.618515 0.029822 0.036927
0 0.131426 0.432851 0.042312 0.045248
0 0.150202 0.803659 0.041260 0.043938
0 0.380375 0.605315 0.033849 0.044121
0 0.467112 0.477684 0.036197 0.047038
0 0.178430 0.676817 0.040038 0.051126