0 0.235757 0.219563 0.016248 0.019190
0 0.356121 0.401812 0.013524 0.018811
0 0.558363 0.286692 0.016548 0.027151
0 0.162932 0.762844 0.024799 0.031178
0 0.581064 0.292052 0.015240 0.020753
0 0.778385 0.716897 0.024004 0.032836
0 0.361447 0.235265 0.016371 0.020599
0 0.354619 0.348874 0.013720 0.017631
0 0.452182 0.463744 0.019261 0.027547
0 0.649548 0.341698 0.014716 0.020774
0 0.440620 0.346294 0.013638 0.018383
0 0.655650 0.450313 0.014738 0.021892
0 0.919181 0.567000 0.015918 0.024119
0 0.215652 0.277352 0.012837 0.016886
0 0.568611 0.368958 0.014397 0.019959
0 0.570916 0.447484 0.015355 0.021411
0 0.809929 0.527645 0.015982 0.022028
0 0.932788 0.536749 0.018695 0.023714
0 0.501022 0.362611 0.017280 0.022864
0 0.682462 0.541607 0.017980 0.025322
0 0.765315 0.801623 0.019369 0.028652