0 0.110089 0.797542 0.009901 0.014141
0 0.057901 0.243624 0.009593 0.013261
0 0.232270 0.220607 0.011092 0.014652
0 0.182591 0.371174 0.010878 0.015067
0 0.520840 0.886654 0.010377 0.016417
0 0.122061 0.319399 0.009719 0.015554
0 0.594690 0.891956 0.012652 0.014701
0 0.355619 0.212401 0.009426 0.014716
0 0.338044 0.359041 0.015955 0.018854
0 0.408846 0.417982 0.009855 0.014234
0 0.156306 0.172393 0.013951 0.015453
0 0.150317 0.032874 0.010015 0.015187
0 0.926979 0.340460 0.009676 0.014304
0 0.365064 0.307661 0.009878 0.013999
0 0.046089 0.905102 0.009689 0.015734
0 0.232499 0.926825 0.011258 0.015708
0 0.202669 0.913995 0.012675 0.015931
0 0.052063 0.659006 0.013836 0.018989
0 0.737974 0.444439 0.010797 0.015486
0 0.083821 0.080153 0.017620 0.019878
0 0.126513 0.106432 0.012252 0.018554
0 0.185649 0.893572 0.012344 0.015498
0 0.234708 0.073348 0.011541 0.014250
0 0.357716 0.591867 0.010966 0.016425
0 0.187412 0.830154 0.009759 0.013875
0 0.346598 0.438541 0.010711 0.015515
0 0.764327 0.202948 0.010380 0.016685
0 0.342293 0.075330 0.009629 0.014032
0 0.529323 0.387385 0.010846 0.015862
0 0.594097 0.740116 0.011353 0.016512
0 0.623783 0.908570 0.013744 0.016110
0 0.319559 0.901477 0.011445 0.015793
0 0.228037 0.046634 0.010521 0.012022
0 0.040307 0.855756 0.011445 0.013855
0 0.055394 0.157915 0.013706 0.019577
0 0.506008 0.028769 0.010013 0.014437
0 0.585347 0.840069 0.013693 0.016739
0 0.034955 0.294384 0.008499 0.013932
0 0.426194 0.549177 0.013792 0.019973
0 0.088712 0.121026 0.009935 0.015889
0 0.057606 0.618960 0.012814 0.016179
0 0.017347 0.679396 0.010415 0.016924
0 0.008226 0.726513 0.013685 0.018584
0 0.544785 0.796025 0.013257 0.019142
0 0.245765 0.394003 0.012527 0.015886
0 0.107571 0.406095 0.011472 0.014627
0 0.077233 0.478762 0.011056 0.014725
0 0.245840 0.431931 0.011936 0.015826
0 0.208718 0.295378 0.010369 0.015090
0 0.169633 0.282756 0.011030 0.015078
0 0.138062 0.279223 0.009859 0.013734
0 0.348386 0.013767 0.010708 0.016079
0 0.303928 0.236034 0.012195 0.014858
0 0.744504 0.030115 0.013970 0.017833
0 0.117409 0.145544 0.012706 0.016789