0 0.477582 0.625086 0.025238 0.030639
0 0.650446 0.749169 0.024012 0.027817
0 0.488899 0.979792 0.042266 0.040129
0 0.566979 0.973148 0.022997 0.033511
0 0.034472 0.162454 0.025824 0.036687
0 0.263620 0.102367 0.022134 0.034693
0 0.018401 0.985129 0.025775 0.029741
0 0.896153 0.958228 0.020538 0.026170
0 0.672114 0.035224 0.030247 0.039998
0 0.811739 0.674128 0.028936 0.031382
0 0.613744 0.672962 0.028028 0.035265
0 0.414138 0.788495 0.026582 0.026312
0 0.444599 0.614280 0.044921 0.049913
0 0.649872 0.966188 0.022689 0.037746
0 0.483485 0.810193 0.036714 0.042887
0 0.329800 0.576971 0.032384 0.033163
0 0.393242 0.934883 0.036422 0.032619
0 0.458312 0.463929 0.024984 0.034628
0 0.088964 0.921470 0.035843 0.048080
0 0.950500 0.374751 0.032800 0.043005
0 0.267545 0.645859 0.035402 0.044445
0 0.926473 0.794376 0.037222 0.060520
0 0.149728 0.709009 0.047800 0.048051
0 0.074080 0.684378 0.032723 0.038513
0 0.218356 0.424845 0.026763 0.034642
0 0.046208 0.583944 0.037205 0.047634
0 0.084907 0.748955 0.039186 0.053295
0 0.760173 0.739975 0.036184 0.040622
0 0.527999 0.378599 0.037796 0.051461
0 0.385397 0.479602 0.069455 0.087447
0 0.746667 0.201066 0.055843 0.055633
0 0.614894 0.262813 0.048470 0.057795