0 0.613324 0.965065 0.015239 0.019395
0 0.976726 0.582852 0.012529 0.019976
0 0.524057 0.143725 0.015488 0.022714
0 0.598739 0.504491 0.017984 0.022348
0 0.799825 0.621351 0.024753 0.023818
0 0.744127 0.583234 0.014740 0.021756
0 0.745147 0.308849 0.019493 0.026445
0 0.096641 0.485705 0.022559 0.024843
0 0.618695 0.010909 0.021979 0.021819
0 0.995860 0.350718 0.008244 0.031913
0 0.807658 0.370941 0.016996 0.024128
0 0.525337 0.658884 0.019640 0.023633
0 0.228364 0.671857 0.020156 0.021079
0 0.337275 0.316399 0.016700 0.021659
0 0.889915 0.671981 0.016016 0.019768
0 0.254815 0.318250 0.024963 0.035732
0 0.958262 0.540861 0.016085 0.019916
0 0.397220 0.966132 0.014731 0.021463
0 0.967046 0.765040 0.015924 0.021837
0 0.447782 0.156263 0.020435 0.023731
0 0.709357 0.257248 0.019051 0.026353
0 0.323621 0.262958 0.027620 0.025292
0 0.371265 0.434862 0.027922 0.025031
0 0.944323 0.019227 0.017563 0.028171
0 0.326123 0.382346 0.017508 0.024647
0 0.201930 0.329674 0.021103 0.027460
0 0.493822 0.218904 0.021141 0.023283
0 0.774183 0.571821 0.018307 0.024082
0 0.227969 0.465051 0.033616 0.033735
0 0.830919 0.123753 0.020218 0.023114
0 0.713448 0.666122 0.018422 0.022853
0 0.146180 0.093707 0.022914 0.034560
0 0.606442 0.380403 0.019262 0.028381
0 0.351995 0.181885 0.024815 0.029882
0 0.626050 0.501763 0.020121 0.025049
0 0.309652 0.412688 0.023058 0.030198
0 0.550637 0.184247 0.019872 0.025904
0 0.547103 0.383462 0.019658 0.027694
0 0.443632 0.414972 0.018350 0.026904
0 0.733455 0.244984 0.033872 0.041123
0 0.640917 0.281073 0.020775 0.030424
0 0.687901 0.301690 0.024946 0.035652