0 0.046288 0.705096 0.011824 0.017605
0 0.496499 0.874424 0.009934 0.016491
0 0.492942 0.121523 0.009336 0.013451
0 0.059143 0.658942 0.011144 0.014680
0 0.072809 0.376526 0.009930 0.014431
0 0.236424 0.194722 0.008911 0.014089
0 0.500166 0.352544 0.009907 0.014239
0 0.158044 0.255637 0.009103 0.013893
0 0.155301 0.707025 0.009748 0.015512
0 0.550748 0.501147 0.009547 0.015149
0 0.612551 0.633606 0.011075 0.016422
0 0.085754 0.709494 0.009841 0.014299
0 0.385251 0.202544 0.010015 0.015061
0 0.293403 0.290667 0.010539 0.017351
0 0.451127 0.788203 0.009777 0.015468
0 0.828463 0.421139 0.011149 0.015159
0 0.094118 0.287870 0.008433 0.012736
0 0.052042 0.635274 0.010105 0.014116
0 0.561184 0.063443 0.013037 0.019109
0 0.020233 0.558007 0.011434 0.014898
0 0.467405 0.579856 0.016217 0.020579
0 0.592754 0.836016 0.010778 0.018490
0 0.824879 0.897385 0.010998 0.016889
0 0.357695 0.721596 0.009842 0.014499
0 0.941982 0.939445 0.009211 0.014613
0 0.392411 0.626625 0.009288 0.015696
0 0.240363 0.244657 0.011195 0.018182
0 0.474754 0.146159 0.009878 0.015395
0 0.759493 0.882941 0.009535 0.017184
0 0.582854 0.969880 0.012205 0.018363
0 0.012420 0.013308 0.014213 0.018158
0 0.439869 0.718073 0.009321 0.013803
0 0.036187 0.471422 0.011399 0.013997
0 0.490498 0.215285 0.010185 0.016762
0 0.575213 0.516256 0.012288 0.016218
0 0.320032 0.097917 0.012466 0.015007
0 0.471942 0.658713 0.009187 0.015139
0 0.407986 0.720599 0.011409 0.016666
0 0.835772 0.841569 0.013155 0.019379
0 0.341376 0.382991 0.010322 0.018231
0 0.883048 0.649026 0.014267 0.019129
0 0.862763 0.786064 0.013721 0.017565
0 0.543189 0.624121 0.010854 0.017026
0 0.814676 0.849569 0.012613 0.019901
0 0.169826 0.110506 0.012318 0.015017
0 0.953068 0.436485 0.010799 0.018823
0 0.369285 0.112085 0.010589 0.014641
0 0.454102 0.525129 0.010702 0.015441
0 0.956573 0.484208 0.009912 0.016092
0 0.409621 0.471183 0.010507 0.016565
0 0.393619 0.308101 0.011198 0.018257
0 0.826428 0.156247 0.011810 0.017106