0 0.943399 0.151797 0.017667 0.039564
0 0.875334 0.564268 0.024128 0.032298
0 0.843168 0.559939 0.016091 0.030805
0 0.112245 0.179100 0.013757 0.026992
0 0.387927 0.965121 0.015341 0.024568
0 0.179800 0.150769 0.016151 0.027952
0 0.312425 0.613508 0.025256 0.043894
0 0.470915 0.805000 0.027941 0.036001
0 0.335351 0.329851 0.015072 0.039834
0 0.979019 0.827510 0.020112 0.045424
0 0.562939 0.675757 0.021395 0.030465
0 0.520617 0.178675 0.017587 0.031858
0 0.744549 0.790305 0.013531 0.027631
0 0.533077 0.872532 0.022679 0.036487
0 0.602774 0.572557 0.017131 0.034858
0 0.476211 0.611846 0.019536 0.041001
0 0.444646 0.511745 0.016857 0.030093
0 0.520715 0.688427 0.017403 0.041395
0 0.760126 0.877516 0.016708 0.027975
0 0.976786 0.172927 0.030519 0.041689
0 0.922627 0.836798 0.029691 0.043889
0 0.935826 0.977400 0.019977 0.035281
0 0.803039 0.144270 0.025887 0.038115
0 0.573962 0.579541 0.028091 0.051587
0 0.482038 0.470884 0.017647 0.034872
0 0.704516 0.610635 0.020454 0.034924
0 0.951917 0.831429 0.027478 0.045374
0 0.688354 0.828303 0.025069 0.038687
0 0.357736 0.112351 0.025808 0.042290
0 0.785080 0.240900 0.060052 0.086445
0 0.145551 0.226443 0.025918 0.036586
0 0.926344 0.935444 0.025093 0.033327
0 0.809923 0.888418 0.040394 0.034647
0 0.505839 0.320751 0.018658 0.039813
0 0.480832 0.719556 0.032253 0.041393
0 0.286227 0.069191 0.025523 0.038580
0 0.252735 0.224327 0.027621 0.043558