0 0.723665 0.227501 0.018229 0.028066
0 0.284454 0.702009 0.021930 0.029818
0 0.855863 0.456365 0.018658 0.033423
0 0.928547 0.551849 0.015896 0.023925
0 0.495662 0.118835 0.019918 0.030231
0 0.534456 0.609631 0.022356 0.031608
0 0.447343 0.271300 0.024927 0.033766
0 0.545173 0.499552 0.025298 0.034557
0 0.221004 0.577226 0.066869 0.129628
0 0.129853 0.082835 0.031849 0.040013
0 0.987854 0.367806 0.021092 0.027568
0 0.643313 0.907765 0.025945 0.040280
0 0.842360 0.724510 0.025158 0.029700
0 0.770342 0.752581 0.021943 0.034715