0 0.683627 0.969528 0.015403 0.032273
0 0.394379 0.990977 0.027233 0.018047
0 0.265012 0.869020 0.018612 0.030748
0 0.572779 0.924054 0.027050 0.061556
0 0.241244 0.734406 0.027764 0.069105
0 0.945010 0.742411 0.027562 0.046962
0 0.628926 0.610835 0.026379 0.051611
0 0.647819 0.476187 0.028410 0.051338
0 0.884257 0.924306 0.032452 0.044901
0 0.765392 0.821175 0.024774 0.047643
0 0.273931 0.500002 0.024219 0.041286
0 0.844546 0.650331 0.032923 0.040902
0 0.602062 0.797843 0.019169 0.043614
0 0.602520 0.179370 0.035974 0.062803
0 0.347517 0.718982 0.024069 0.048686
0 0.589347 0.760231 0.041218 0.061158
0 0.499982 0.736320 0.057207 0.117865
0 0.305752 0.933386 0.024147 0.039149
0 0.419581 0.889246 0.028188 0.057639
0 0.281028 0.744087 0.055922 0.072674
0 0.784377 0.590250 0.024848 0.056575
0 0.350033 0.839696 0.046519 0.087445