0 0.451589 0.702493 0.018503 0.039294
0 0.341065 0.427483 0.032369 0.076164
0 0.251133 0.923734 0.023023 0.042235
0 0.890765 0.674961 0.013401 0.025362
0 0.970106 0.394224 0.018689 0.037557
0 0.081994 0.770000 0.023505 0.056447
0 0.272376 0.879257 0.021366 0.056356
0 0.101053 0.825946 0.023174 0.049675
0 0.106767 0.224277 0.029647 0.072992
0 0.976748 0.356149 0.017942 0.043495
0 0.181226 0.863765 0.025425 0.058487
0 0.982875 0.320713 0.019239 0.037651
0 0.451075 0.355156 0.020599 0.046532
0 0.950616 0.969243 0.017060 0.043431
0 0.951028 0.931327 0.016168 0.036834
0 0.966546 0.429986 0.016697 0.043790
0 0.958914 0.544768 0.019849 0.043621
0 0.961069 0.505539 0.017256 0.041702
0 0.952730 0.857800 0.019044 0.044914
0 0.962995 0.469413 0.020100 0.041128
0 0.840707 0.376405 0.017142 0.031090
0 0.951380 0.896158 0.016260 0.044054
0 0.958551 0.582169 0.016714 0.044812
0 0.956315 0.701920 0.018599 0.043814
0 0.955990 0.738708 0.016355 0.043414
0 0.953414 0.817668 0.018578 0.043770
0 0.957043 0.623794 0.018626 0.044626
0 0.957564 0.661541 0.017020 0.045105
0 0.794103 0.381549 0.017941 0.036019
0 0.953372 0.780190 0.019713 0.046332