0 0.574305 0.618174 0.014041 0.017885
0 0.830887 0.078845 0.021374 0.028518
0 0.545941 0.918119 0.016813 0.024570
0 0.830374 0.156444 0.014214 0.019633
0 0.391918 0.271840 0.011026 0.018378
0 0.677393 0.275355 0.012805 0.016869
0 0.612090 0.604082 0.013992 0.017662
0 0.578264 0.403953 0.013126 0.017537
0 0.415379 0.072651 0.012054 0.017823
0 0.144103 0.493357 0.012120 0.015590
0 0.566585 0.149617 0.014978 0.021988
0 0.304078 0.931951 0.016074 0.019491
0 0.568917 0.047786 0.014741 0.021802
0 0.201172 0.527651 0.016601 0.018628
0 0.766008 0.420581 0.012059 0.017678
0 0.491724 0.112941 0.016245 0.020658
0 0.565964 0.124703 0.014761 0.018204
0 0.487779 0.376289 0.013455 0.017373
0 0.230240 0.664219 0.012671 0.016494
0 0.205275 0.233024 0.011957 0.019029
0 0.288460 0.513699 0.013208 0.017683
0 0.211934 0.136635 0.017615 0.025336
0 0.772980 0.087429 0.013933 0.018728
0 0.776984 0.129281 0.014504 0.016620
0 0.719214 0.246450 0.011034 0.016116
0 0.321785 0.882583 0.015916 0.020706
0 0.291798 0.038702 0.012734 0.017558
0 0.479943 0.340385 0.013489 0.019881
0 0.596249 0.240146 0.013377 0.017874
0 0.810753 0.441161 0.013647 0.019348
0 0.746758 0.227206 0.012202 0.016517
0 0.987198 0.297686 0.018196 0.027613
0 0.692976 0.825397 0.024942 0.041762
0 0.627161 0.280312 0.013719 0.018960
0 0.701335 0.438558 0.013454 0.020909
0 0.374545 0.704020 0.015412 0.019724
0 0.369427 0.656727 0.013430 0.019234
0 0.240360 0.502443 0.013564 0.018552
0 0.623287 0.883244 0.021749 0.029356
0 0.508744 0.164442 0.015893 0.022780
0 0.871430 0.240781 0.022859 0.034844
0 0.390284 0.144019 0.020672 0.021412
0 0.419123 0.260712 0.013097 0.020206
0 0.464214 0.210031 0.017347 0.018881
0 0.274753 0.622173 0.019346 0.023874
0 0.217186 0.627754 0.020598 0.022078