0 0.781991 0.229622 0.025963 0.042521
0 0.625844 0.381993 0.038367 0.052459
0 0.465952 0.228930 0.054079 0.067907
0 0.599772 0.154229 0.060114 0.074609
0 0.300805 0.348344 0.038250 0.055329
0 0.489828 0.425385 0.044166 0.057332
0 0.617719 0.244799 0.027335 0.041802
0 0.480879 0.060582 0.065903 0.069304
0 0.533615 0.268594 0.031647 0.051907
0 0.383506 0.336230 0.034487 0.052101
0 0.226688 0.167395 0.037205 0.051742
0 0.170283 0.536163 0.050135 0.061290
0 0.613732 0.808451 0.030506 0.052666
0 0.027636 0.155140 0.032469 0.068240
0 0.637613 0.088074 0.065850 0.074993
0 0.110597 0.034610 0.048138 0.069195
0 0.606707 0.568829 0.025965 0.042927
0 0.305011 0.124261 0.065553 0.070891
0 0.072276 0.693242 0.080725 0.082473
0 0.206872 0.811609 0.046358 0.064343
0 0.063921 0.446918 0.045165 0.069635
0 0.107919 0.368721 0.038157 0.068493
0 0.148801 0.287671 0.052952 0.086758
0 0.148801 0.194064 0.066969 0.091324