0 0.959276 0.847444 0.017622 0.025025
0 0.966127 0.463567 0.017748 0.024459
0 0.301727 0.243448 0.016320 0.023731
0 0.318397 0.332105 0.019250 0.024153
0 0.094273 0.160660 0.019691 0.024524
0 0.160453 0.766048 0.019943 0.027135
0 0.086909 0.109839 0.014428 0.021064
0 0.331432 0.232180 0.017607 0.022162
0 0.429280 0.322217 0.019565 0.027696
0 0.219689 0.174630 0.016961 0.022679
0 0.191726 0.424755 0.018172 0.027225
0 0.074768 0.065539 0.016852 0.021874
0 0.925741 0.619003 0.018147 0.029799
0 0.084132 0.031906 0.020832 0.021308
0 0.818758 0.615053 0.020495 0.025885
0 0.835209 0.512370 0.020069 0.025065
0 0.760733 0.906144 0.028128 0.033453
0 0.315744 0.530464 0.017911 0.025644
0 0.336683 0.298674 0.017160 0.025678
0 0.288172 0.711186 0.018172 0.027831
0 0.030111 0.277320 0.017296 0.026157
0 0.475388 0.228863 0.023175 0.030765
0 0.805336 0.710958 0.021229 0.030796
0 0.518216 0.616836 0.019776 0.030263
0 0.228261 0.262527 0.017769 0.025050
0 0.217503 0.303845 0.018299 0.023121
0 0.293344 0.408844 0.021475 0.029808
0 0.184344 0.538452 0.020894 0.031286
0 0.399632 0.622167 0.024546 0.031708
0 0.420636 0.380146 0.023327 0.030183
0 0.686357 0.270645 0.025093 0.038143
0 0.673646 0.201743 0.025889 0.031504