0 0.176062 0.557357 0.015039 0.026330
0 0.797088 0.367063 0.016208 0.027759
0 0.765200 0.940358 0.021946 0.029641
0 0.757307 0.537598 0.017247 0.028904
0 0.988500 0.191675 0.018308 0.030924
0 0.550957 0.541800 0.016337 0.032335
0 0.236422 0.978768 0.018416 0.024446
0 0.904975 0.639357 0.019578 0.034829
0 0.552383 0.273837 0.017867 0.030302
0 0.974810 0.350935 0.015501 0.029421
0 0.569523 0.477345 0.018059 0.032024
0 0.348379 0.579200 0.022495 0.035073
0 0.863195 0.498137 0.021128 0.034671
0 0.770420 0.583829 0.021375 0.035354
0 0.559604 0.121953 0.023261 0.038910
0 0.482988 0.536807 0.021330 0.034856
0 0.705046 0.213225 0.024330 0.041341
0 0.117426 0.950457 0.022797 0.032238
0 0.958926 0.464376 0.024170 0.043984
0 0.501799 0.489639 0.021733 0.035873
0 0.330239 0.701270 0.028307 0.043693
0 0.984657 0.902397 0.030686 0.051370