0 0.652894 0.863070 0.020162 0.024092
0 0.452531 0.821870 0.020894 0.022360
0 0.646166 0.731082 0.026209 0.025707
0 0.785967 0.983607 0.048179 0.032675
0 0.254766 0.222342 0.016718 0.022778
0 0.734831 0.889231 0.023032 0.027224
0 0.375012 0.283113 0.017720 0.024097
0 0.544784 0.766921 0.021380 0.025873
0 0.315546 0.272845 0.022243 0.027047
0 0.905229 0.918635 0.025355 0.032764
0 0.607706 0.678693 0.029645 0.033733
0 0.519412 0.622837 0.019903 0.027444
0 0.650397 0.467091 0.020441 0.028816
0 0.613011 0.404998 0.023131 0.024014
0 0.567019 0.324724 0.027972 0.028130
0 0.341898 0.607400 0.018827 0.028130
0 0.444103 0.566576 0.017751 0.028816
0 0.883318 0.758000 0.030124 0.037050
0 0.286645 0.199317 0.019429 0.025345
0 0.423534 0.220720 0.020313 0.021966
0 0.364363 0.344629 0.015897 0.014081
0 0.298126 0.387152 0.019429 0.022529