0 0.295722 0.153185 0.016479 0.029269
0 0.059889 0.941825 0.020218 0.030656
0 0.292503 0.820653 0.020311 0.035209
0 0.188943 0.616251 0.023473 0.046542
0 0.232326 0.323549 0.019699 0.033396
0 0.260997 0.528828 0.043628 0.049597
0 0.230546 0.888263 0.025472 0.039014
0 0.144302 0.425256 0.028458 0.041281
0 0.275625 0.245079 0.025443 0.038505
0 0.437932 0.101251 0.025491 0.042261
0 0.485010 0.581243 0.024439 0.045959
0 0.606974 0.963157 0.031341 0.048347
0 0.149302 0.193881 0.028940 0.047630
0 0.135655 0.327956 0.032092 0.047864
0 0.811809 0.619794 0.045246 0.075697
0 0.236895 0.735160 0.021788 0.041096