0 0.291020 0.326200 0.010090 0.019208
0 0.255208 0.730053 0.009097 0.016056
0 0.112561 0.953461 0.008398 0.017130
0 0.059942 0.996400 0.008626 0.007200
0 0.532046 0.146949 0.014219 0.030168
0 0.771553 0.586589 0.018130 0.038675
0 0.413733 0.970060 0.011158 0.021707
0 0.238064 0.221404 0.013413 0.024130
0 0.503654 0.127661 0.015690 0.035729
0 0.191207 0.490126 0.008757 0.017914
0 0.420405 0.502331 0.013509 0.032617
0 0.628922 0.529497 0.016353 0.031524
0 0.389141 0.135644 0.015544 0.033420
0 0.246756 0.097239 0.012189 0.023927
0 0.334808 0.336606 0.015689 0.033402
0 0.212373 0.019030 0.015750 0.036313
0 0.157163 0.028943 0.019582 0.027725
0 0.160490 0.684599 0.008279 0.018156
0 0.075829 0.932915 0.011932 0.020675
0 0.410748 0.466082 0.019940 0.033036
0 0.086329 0.655930 0.009198 0.018980
0 0.259010 0.760760 0.015217 0.027272
0 0.415299 0.687724 0.015160 0.027270
0 0.198558 0.522644 0.010800 0.021334
0 0.080797 0.597891 0.011207 0.024447
0 0.392268 0.571334 0.015577 0.023873
0 0.174699 0.953157 0.010062 0.022545
0 0.126929 0.805957 0.011146 0.028034
0 0.226724 0.855173 0.011240 0.021726
0 0.026313 0.662839 0.011629 0.021836
0 0.167733 0.744780 0.010915 0.019432
0 0.199602 0.718901 0.009424 0.023892
0 0.164319 0.904306 0.010017 0.022400
0 0.235718 0.806543 0.011034 0.025372
0 0.023462 0.792183 0.013855 0.028849
0 0.044604 0.676127 0.012232 0.029693
0 0.252339 0.892597 0.017099 0.028599