0 0.079337 0.112422 0.010301 0.021431
0 0.059493 0.215897 0.008932 0.020962
0 0.360005 0.614355 0.012681 0.020881
0 0.028227 0.009332 0.009295 0.018179
0 0.480440 0.433097 0.014094 0.020795
0 0.608732 0.043062 0.011782 0.024789
0 0.142652 0.517803 0.008477 0.016803
0 0.301037 0.388329 0.008392 0.017822
0 0.477851 0.032807 0.013592 0.029075
0 0.133095 0.858341 0.008868 0.019484
0 0.192948 0.458860 0.008423 0.019178
0 0.907177 0.989886 0.023654 0.020108
0 0.582657 0.024585 0.013221 0.028866
0 0.302674 0.569495 0.006604 0.018960
0 0.327287 0.693652 0.007846 0.016265
0 0.501603 0.540928 0.012969 0.021452
0 0.270304 0.740361 0.008668 0.018155
0 0.273351 0.593094 0.009134 0.015420
0 0.139844 0.636859 0.010421 0.023749
0 0.158317 0.891219 0.010579 0.022898
0 0.236084 0.651553 0.009941 0.029858
0 0.351381 0.729223 0.013808 0.024267
0 0.830256 0.447955 0.015901 0.031409
0 0.335675 0.650990 0.009778 0.021679
0 0.699185 0.396094 0.014115 0.026124
0 0.159524 0.529342 0.010101 0.022256
0 0.498045 0.338328 0.018526 0.029677
0 0.355678 0.597651 0.016962 0.034568