0 0.472025 0.719380 0.017214 0.032154
0 0.115355 0.700074 0.032878 0.038479
0 0.578016 0.736243 0.024507 0.031877
0 0.129306 0.233782 0.031262 0.045119
0 0.778689 0.226365 0.020581 0.034612
0 0.414015 0.175377 0.024284 0.031557
0 0.510441 0.458553 0.020086 0.032001
0 0.308607 0.169589 0.024709 0.039019
0 0.800480 0.497471 0.021093 0.031448
0 0.766103 0.152881 0.026039 0.046698
0 0.173368 0.190643 0.027013 0.039392
0 0.561952 0.048523 0.028336 0.036030
0 0.643496 0.507919 0.020353 0.036860
0 0.590874 0.830096 0.024709 0.039927
0 0.188171 0.360101 0.019951 0.036194
0 0.362674 0.508654 0.036913 0.056463
0 0.007922 0.014235 0.015844 0.028471
0 0.923101 0.083978 0.025729 0.039304
0 0.539315 0.226826 0.055318 0.063210
0 0.318284 0.308110 0.022383 0.031964
0 0.253743 0.046155 0.021193 0.034383
0 0.353535 0.122446 0.028021 0.043299
0 0.450967 0.131573 0.038115 0.070999
0 0.212922 0.137199 0.027996 0.039497
0 0.415236 0.338579 0.034232 0.051931
0 0.442569 0.323096 0.035545 0.049322
0 0.117625 0.463039 0.023696 0.037540
0 0.372566 0.197137 0.032245 0.050625
0 0.264509 0.349187 0.025728 0.034132
0 0.521890 0.263945 0.035729 0.038906
0 0.645408 0.329377 0.032568 0.044069
0 0.292814 0.499640 0.026239 0.046763
0 0.810084 0.700413 0.026637 0.042360
0 0.627758 0.292509 0.029999 0.039031
0 0.271245 0.289331 0.033184 0.047474
0 0.383432 0.357456 0.027731 0.038331
0 0.495138 0.324531 0.030262 0.037832
0 0.546342 0.571605 0.029709 0.039613
0 0.670730 0.231309 0.048694 0.056771
0 0.140607 0.326887 0.043383 0.049168