0 0.223196 0.063977 0.025280 0.039019
0 0.989776 0.233913 0.014821 0.023244
0 0.810102 0.718871 0.009650 0.012425
0 0.500202 0.728039 0.010476 0.013826
0 0.507372 0.210775 0.012311 0.021515
0 0.116044 0.459001 0.014379 0.016944
0 0.913515 0.317708 0.022532 0.027524
0 0.476494 0.696781 0.009440 0.012870
0 0.547427 0.892985 0.009098 0.011548
0 0.864784 0.113158 0.021071 0.028878
0 0.484777 0.746949 0.009482 0.012629
0 0.554069 0.955058 0.011210 0.017129
0 0.332911 0.737991 0.010665 0.012777
0 0.542944 0.525837 0.009664 0.012639
0 0.581324 0.434496 0.010410 0.012897
0 0.929319 0.262736 0.019139 0.026704
0 0.744455 0.289845 0.016540 0.021880
0 0.307057 0.475172 0.012593 0.013890
0 0.405215 0.684044 0.013728 0.020200
0 0.358182 0.927897 0.011123 0.015407
0 0.328760 0.942518 0.011341 0.016437
0 0.501300 0.222047 0.013609 0.018841
0 0.387917 0.590467 0.010650 0.012341
0 0.458345 0.931093 0.020367 0.015073
0 0.537457 0.763214 0.012817 0.013307
0 0.367914 0.493682 0.011611 0.015355
0 0.490697 0.716099 0.011515 0.015650
0 0.450977 0.690648 0.011705 0.013768
0 0.422014 0.316900 0.012322 0.018340
0 0.636754 0.817043 0.013558 0.014626