0 0.057451 0.092143 0.011784 0.018267
0 0.647945 0.831668 0.011832 0.018483
0 0.077991 0.667420 0.013271 0.017757
0 0.195385 0.338119 0.010301 0.016060
0 0.974326 0.091334 0.014434 0.028487
0 0.161990 0.258012 0.012469 0.018508
0 0.252449 0.242236 0.012374 0.019821
0 0.015549 0.758407 0.010586 0.017611
0 0.964797 0.044667 0.013438 0.021064
0 0.744622 0.649285 0.012866 0.024927
0 0.141701 0.345150 0.012842 0.017324
0 0.790309 0.274060 0.018901 0.027396
0 0.429887 0.686307 0.013247 0.018270
0 0.104557 0.072851 0.013101 0.018554
0 0.465109 0.684956 0.013893 0.020822
0 0.173633 0.395740 0.015621 0.020845
0 0.366818 0.400085 0.013379 0.018905
0 0.058070 0.692689 0.015243 0.023712
0 0.101402 0.715116 0.014895 0.023638
0 0.113261 0.590397 0.014890 0.018978
0 0.222095 0.480924 0.016784 0.020704
0 0.373591 0.570587 0.017087 0.025549
0 0.530880 0.817582 0.016316 0.025561
0 0.163587 0.794373 0.017464 0.022059
0 0.504789 0.885587 0.016395 0.021956
0 0.748800 0.763861 0.019980 0.025377