0 0.393516 0.910397 0.017862 0.020595
0 0.497548 0.717778 0.009825 0.018124
0 0.344202 0.476925 0.015514 0.022868
0 0.596594 0.434802 0.012775 0.016523
0 0.897048 0.406329 0.022524 0.031119
0 0.578132 0.475638 0.011309 0.015894
0 0.545353 0.562448 0.009778 0.014779
0 0.082197 0.518883 0.010935 0.016810
0 0.553711 0.532309 0.010747 0.016589
0 0.207287 0.917951 0.013530 0.018858
0 0.770342 0.486404 0.011918 0.017414
0 0.228944 0.591776 0.014214 0.018681
0 0.422998 0.471346 0.016479 0.020461
0 0.802717 0.509692 0.012501 0.016810
0 0.444328 0.642047 0.011726 0.015924
0 0.210725 0.800407 0.011429 0.016168
0 0.049402 0.690950 0.016127 0.015263
0 0.434705 0.670099 0.012134 0.016116
0 0.547133 0.493089 0.010523 0.016898
0 0.955081 0.183695 0.018815 0.022863
0 0.622034 0.461171 0.011734 0.016497
0 0.039371 0.615112 0.014719 0.015133
0 0.817685 0.616015 0.012521 0.016920
0 0.463304 0.825742 0.015445 0.016333
0 0.701929 0.533226 0.012952 0.017229
0 0.036702 0.522525 0.014792 0.017120
0 0.755520 0.447830 0.015427 0.017939
0 0.737962 0.391372 0.013990 0.019006
0 0.348250 0.588778 0.015436 0.019839
0 0.355123 0.729213 0.014621 0.022105
0 0.381108 0.662186 0.011464 0.015260
0 0.782223 0.460394 0.013594 0.018791
0 0.132810 0.601939 0.018171 0.021054
0 0.743377 0.792409 0.012776 0.018606
0 0.379062 0.866700 0.015628 0.027863
0 0.787324 0.288379 0.014535 0.021898
0 0.359922 0.658414 0.012296 0.017434
0 0.339789 0.690239 0.011810 0.021828
0 0.266807 0.936784 0.019618 0.050728
0 0.467943 0.668314 0.014866 0.021408
0 0.399744 0.557701 0.014029 0.020407
0 0.120686 0.885889 0.019763 0.022255
0 0.558710 0.410760 0.018450 0.023781
0 0.898195 0.839297 0.018250 0.034511
0 0.818284 0.419437 0.017117 0.025881
0 0.448976 0.777662 0.018933 0.021705