0 0.012218 0.922576 0.024436 0.070608
0 0.404458 0.378680 0.026573 0.039283
0 0.968619 0.734518 0.018315 0.030244
0 0.833840 0.747265 0.029076 0.038282
0 0.193350 0.170800 0.025291 0.039010
0 0.846071 0.059514 0.026736 0.035518
0 0.119016 0.038756 0.033137 0.051732
0 0.567443 0.183774 0.022104 0.038260
0 0.860015 0.933236 0.025363 0.042746
0 0.768881 0.183328 0.044242 0.041391
0 0.910483 0.081709 0.033420 0.042080
0 0.953341 0.363522 0.043706 0.050150
0 0.016247 0.746382 0.032470 0.039974
0 0.663689 0.496552 0.041388 0.045645
0 0.131787 0.372917 0.035819 0.043686
0 0.028055 0.619226 0.030106 0.042345
0 0.034637 0.563725 0.023391 0.039506
0 0.671609 0.357125 0.042452 0.049278