0 0.850690 0.736136 0.016935 0.025378
0 0.691177 0.509649 0.016905 0.033222
0 0.040603 0.137795 0.017154 0.027156
0 0.431387 0.388011 0.015750 0.024295
0 0.358145 0.292707 0.017850 0.023219
0 0.877129 0.664948 0.019290 0.031293
0 0.718915 0.514243 0.016738 0.025922
0 0.860830 0.578429 0.029765 0.035599
0 0.709049 0.446834 0.019834 0.028927
0 0.479555 0.946241 0.021658 0.028465
0 0.931728 0.699318 0.023134 0.033726
0 0.754457 0.506505 0.022117 0.028771
0 0.588650 0.532183 0.024601 0.032161
0 0.450907 0.576802 0.027761 0.041241