0 0.221131 0.622901 0.022283 0.026256
0 0.258370 0.685667 0.025915 0.042661
0 0.590630 0.255900 0.019777 0.027824
0 0.916866 0.502418 0.024298 0.032173
0 0.585586 0.159926 0.020680 0.026759
0 0.723390 0.516324 0.034586 0.053265
0 0.457978 0.091753 0.031760 0.054524
0 0.271707 0.143744 0.021469 0.025810
0 0.703199 0.255701 0.019695 0.031648
0 0.359415 0.074346 0.016154 0.022843
0 0.242150 0.059558 0.021576 0.025720
0 0.741186 0.715776 0.034212 0.037633
0 0.417782 0.543650 0.025147 0.034008
0 0.528141 0.188462 0.031234 0.028821
0 0.530644 0.011944 0.023459 0.023887
0 0.181742 0.015748 0.044438 0.031495
0 0.671376 0.133632 0.027222 0.035932
0 0.330279 0.185678 0.035400 0.040074
0 0.423428 0.178281 0.031968 0.055091
0 0.086906 0.045741 0.049625 0.057565