0 0.231699 0.735471 0.010990 0.020032
0 0.642788 0.073621 0.013381 0.021310
0 0.918009 0.770535 0.016245 0.023067
0 0.501274 0.844142 0.017950 0.022763
0 0.724025 0.633250 0.015162 0.023454
0 0.068863 0.471480 0.013771 0.021994
0 0.932895 0.615456 0.013248 0.019705
0 0.244705 0.264110 0.013596 0.019633
0 0.154220 0.447184 0.014321 0.020129
0 0.309340 0.377354 0.015027 0.022394
0 0.124644 0.965932 0.011238 0.018070
0 0.353407 0.321825 0.014049 0.019588
0 0.953052 0.558079 0.011094 0.017585
0 0.588305 0.547918 0.046774 0.064099
0 0.181803 0.809316 0.014378 0.024120
0 0.900924 0.876535 0.015693 0.023577
0 0.973102 0.733167 0.015724 0.018671
0 0.988507 0.573784 0.011703 0.019757
0 0.830585 0.224275 0.016132 0.023674
0 0.778565 0.212965 0.017333 0.023250