0 0.029061 0.805559 0.018480 0.027527
0 0.197814 0.196775 0.044731 0.085394
0 0.382079 0.237526 0.023076 0.036380
0 0.333575 0.513043 0.037189 0.048350
0 0.563887 0.796514 0.019055 0.027502
0 0.569904 0.742149 0.022064 0.030061
0 0.473876 0.767732 0.021563 0.024944
0 0.425235 0.824656 0.014542 0.023665
0 0.702288 0.903965 0.019055 0.022386
0 0.622557 0.895651 0.017049 0.019827
0 0.498698 0.885097 0.016047 0.023025
0 0.507223 0.841605 0.020058 0.029421
0 0.972873 0.974743 0.023205 0.031817
0 0.708341 0.941077 0.018564 0.020718
0 0.334006 0.936141 0.027707 0.025157