0 0.381175 0.395366 0.009689 0.012312
0 0.446625 0.449572 0.008135 0.013764
0 0.675046 0.501368 0.009231 0.013360
0 0.348368 0.083249 0.009333 0.012593
0 0.302299 0.090077 0.008955 0.013478
0 0.786574 0.331976 0.009606 0.016087
0 0.938646 0.474123 0.009975 0.013464
0 0.577159 0.749607 0.010480 0.014330
0 0.556692 0.270098 0.008408 0.013315
0 0.409004 0.521538 0.008805 0.012758
0 0.433671 0.518274 0.009670 0.012759
0 0.353080 0.490623 0.008848 0.014663
0 0.503877 0.239078 0.008604 0.012481
0 0.689552 0.134041 0.023543 0.027302
0 0.619826 0.537365 0.008763 0.011674
0 0.701820 0.296614 0.009801 0.013378
0 0.654115 0.729600 0.010214 0.013636
0 0.557270 0.463175 0.009559 0.016635
0 0.864300 0.156865 0.008729 0.012449
0 0.463272 0.193060 0.007743 0.012730
0 0.419707 0.638153 0.009834 0.013352
0 0.501979 0.113799 0.008893 0.013171
0 0.700089 0.909134 0.011424 0.014616
0 0.613623 0.422963 0.010967 0.013208
0 0.338096 0.622788 0.014405 0.017904
0 0.611756 0.029282 0.010420 0.014928
0 0.459143 0.361336 0.009467 0.012666
0 0.451781 0.335657 0.009136 0.013109
0 0.703515 0.368464 0.010034 0.015232
0 0.636105 0.484554 0.009307 0.012955
0 0.653537 0.581588 0.009842 0.013278
0 0.348623 0.331781 0.010964 0.013605
0 0.806731 0.618777 0.012242 0.014785
0 0.266313 0.657491 0.009347 0.013295
0 0.630527 0.175199 0.009033 0.012880
0 0.719469 0.311623 0.009140 0.013141
0 0.852120 0.186341 0.008762 0.011904
0 0.302227 0.304802 0.010588 0.013510
0 0.340789 0.226814 0.009818 0.012918
0 0.739170 0.341629 0.009358 0.013978
0 0.857138 0.056114 0.009466 0.012662
0 0.412058 0.468737 0.009124 0.013240
0 0.600665 0.588828 0.011525 0.015458
0 0.541297 0.035594 0.012130 0.017674
0 0.670078 0.298947 0.009800 0.013454
0 0.564047 0.775402 0.010170 0.014462
0 0.284195 0.602963 0.012756 0.015435
0 0.605271 0.290086 0.008710 0.012218
0 0.809067 0.303591 0.009714 0.015903
0 0.515031 0.330585 0.008840 0.014294
0 0.407566 0.036991 0.010745 0.012733
0 0.934589 0.049152 0.010013 0.013705
0 0.253550 0.730582 0.009363 0.014095
0 0.858467 0.101143 0.013988 0.013578
0 0.503233 0.166392 0.009333 0.014237
0 0.659383 0.697039 0.010159 0.014546
0 0.596816 0.344379 0.010462 0.014334
0 0.812252 0.133545 0.011231 0.014065
0 0.597333 0.509063 0.010717 0.014921
0 0.586577 0.305086 0.010501 0.013898
0 0.497706 0.307079 0.010524 0.013643
0 0.631097 0.273961 0.012334 0.015414
0 0.520042 0.075236 0.010718 0.015016
0 0.549282 0.152414 0.009681 0.014382
0 0.814056 0.453150 0.011342 0.017490