0 0.247086 0.570723 0.021803 0.031640
0 0.405503 0.093014 0.023851 0.031551
0 0.675142 0.305369 0.021382 0.026556
0 0.690787 0.005056 0.021527 0.010075
0 0.551453 0.006906 0.019045 0.013811
0 0.391053 0.085084 0.018891 0.032427
0 0.576906 0.169174 0.020604 0.028467
0 0.424395 0.013103 0.022512 0.024562
0 0.918146 0.086270 0.015307 0.023185
0 0.186515 0.322985 0.020777 0.028020
0 0.631572 0.233551 0.033735 0.041990
0 0.520219 0.310818 0.021952 0.031281
0 0.539194 0.296476 0.023788 0.031566
0 0.961737 0.484186 0.022039 0.028907
0 0.802337 0.100272 0.023853 0.028669
0 0.881254 0.012034 0.023752 0.023960
0 0.337005 0.091637 0.021031 0.025758
0 0.972003 0.022879 0.020246 0.029741
0 0.837624 0.115310 0.025606 0.030595
0 0.847784 0.039541 0.023523 0.027853
0 0.658336 0.240098 0.027001 0.037768
0 0.378207 0.591440 0.024103 0.034170
0 0.877810 0.065998 0.024261 0.030215
0 0.364625 0.018556 0.032558 0.036038
0 0.574790 0.738695 0.034693 0.050626