0 0.693470 0.426727 0.015051 0.021977
0 0.141582 0.396164 0.013691 0.018635
0 0.398809 0.876058 0.020160 0.022496
0 0.055712 0.878598 0.018314 0.028024
0 0.140832 0.730045 0.011843 0.017733
0 0.172422 0.735843 0.011265 0.018070
0 0.534682 0.315504 0.021218 0.032139
0 0.452804 0.956864 0.014177 0.020395
0 0.189389 0.301249 0.013402 0.021166
0 0.091042 0.568622 0.012180 0.020836
0 0.365347 0.035137 0.014304 0.022817
0 0.651744 0.881344 0.012415 0.018354
0 0.425606 0.093490 0.016793 0.023749
0 0.588865 0.993697 0.016634 0.012482
0 0.165877 0.413801 0.013748 0.021460
0 0.439937 0.870340 0.015181 0.022068
0 0.067599 0.584949 0.017144 0.019429
0 0.074724 0.493353 0.017076 0.024139
0 0.516370 0.761901 0.014987 0.022349
0 0.124282 0.717767 0.013234 0.018112
0 0.394089 0.517979 0.016012 0.025731
0 0.009571 0.476474 0.012272 0.016959
0 0.244670 0.431995 0.015072 0.022330
0 0.609570 0.668722 0.013863 0.020410
0 0.032479 0.585543 0.012759 0.017726
0 0.192115 0.493964 0.014781 0.022092
0 0.155934 0.443187 0.013627 0.021574
0 0.896437 0.637758 0.018408 0.028197
0 0.638896 0.790761 0.014086 0.019146
0 0.792039 0.155273 0.016614 0.024897
0 0.826774 0.588377 0.016814 0.025745
0 0.493819 0.280750 0.017971 0.026878
0 0.074295 0.628976 0.015326 0.021183
0 0.951892 0.654415 0.018492 0.025269
0 0.430469 0.323266 0.022509 0.028825
0 0.193119 0.536049 0.017279 0.024088
0 0.904564 0.325586 0.018637 0.026039
0 0.037934 0.670432 0.013468 0.019249
0 0.050310 0.528505 0.014101 0.022016
0 0.182492 0.593691 0.017136 0.025075
0 0.647098 0.956115 0.016870 0.024109
0 0.689340 0.724109 0.018601 0.025912