0 0.259656 0.257761 0.011934 0.021827
0 0.369570 0.532189 0.011788 0.019582
0 0.557112 0.296285 0.012080 0.019042
0 0.348211 0.660128 0.011140 0.018869
0 0.402000 0.877251 0.011870 0.020145
0 0.463159 0.793852 0.011989 0.017655
0 0.217908 0.762795 0.018581 0.026287
0 0.304330 0.199262 0.013750 0.020225
0 0.414844 0.268752 0.015998 0.021966
0 0.237592 0.131518 0.012074 0.021716
0 0.352110 0.938151 0.014715 0.019311
0 0.293918 0.248030 0.013304 0.018936
0 0.443524 0.299131 0.016037 0.023330
0 0.757191 0.063500 0.017177 0.023921
0 0.222754 0.973553 0.012660 0.020758
0 0.122833 0.100263 0.016194 0.027737
0 0.294081 0.873417 0.012527 0.017504
0 0.273008 0.887033 0.014284 0.018581
0 0.460741 0.834533 0.014533 0.019010
0 0.201980 0.608491 0.016817 0.023899
0 0.281051 0.487223 0.022949 0.030033