0 0.935793 0.769937 0.015262 0.021703
0 0.529514 0.521707 0.009567 0.013544
0 0.583424 0.531679 0.010104 0.014417
0 0.670397 0.549064 0.010621 0.014873
0 0.868441 0.787807 0.010157 0.016529
0 0.650982 0.498471 0.011165 0.018490
0 0.467174 0.592013 0.014032 0.025116
0 0.701608 0.739718 0.012464 0.018509
0 0.831150 0.863087 0.010015 0.016278
0 0.637327 0.771068 0.011905 0.022940
0 0.877679 0.717368 0.011492 0.019296
0 0.835183 0.748114 0.013824 0.020954
0 0.540400 0.642009 0.015361 0.017067
0 0.804272 0.836709 0.014633 0.019747
0 0.539568 0.552708 0.013514 0.017110
0 0.503209 0.514522 0.014356 0.017846
0 0.680983 0.111163 0.021540 0.027117
0 0.535046 0.349167 0.018232 0.023911
0 0.442765 0.543642 0.020628 0.024398
0 0.431063 0.795318 0.024759 0.029348