0 0.294261 0.125508 0.012956 0.019944
0 0.287153 0.810116 0.019116 0.029033
0 0.100328 0.010955 0.017110 0.021302
0 0.044809 0.005933 0.013489 0.011866
0 0.203634 0.163781 0.011385 0.015186
0 0.373877 0.210321 0.017416 0.025814
0 0.256139 0.054541 0.012646 0.019256
0 0.408390 0.877708 0.014605 0.020175
0 0.204877 0.135409 0.015208 0.022190
0 0.476390 0.081816 0.015039 0.023529
0 0.032496 0.035932 0.010352 0.020928
0 0.645753 0.007349 0.019795 0.014698
0 0.368406 0.932910 0.020298 0.034102
0 0.467434 0.473558 0.022077 0.032370
0 0.365580 0.011635 0.018802 0.021725
0 0.439319 0.007884 0.015333 0.015687
0 0.673179 0.428753 0.016485 0.024667
0 0.699538 0.669961 0.014449 0.021346
0 0.349519 0.112694 0.015025 0.018165
0 0.382663 0.126785 0.013149 0.019422
0 0.680188 0.905932 0.016268 0.023984
0 0.499434 0.073374 0.017161 0.023319