0 0.266931 0.021704 0.022545 0.023724
0 0.352203 0.481574 0.013771 0.015447
0 0.283209 0.146870 0.024857 0.029053
0 0.690697 0.214067 0.022300 0.022694
0 0.314950 0.723916 0.018521 0.016896
0 0.344704 0.266369 0.016991 0.018514
0 0.547464 0.899066 0.016278 0.018456
0 0.276046 0.047050 0.014962 0.018118
0 0.382966 0.130686 0.013353 0.015107
0 0.308861 0.662741 0.020630 0.027224
0 0.457850 0.566147 0.015369 0.018040
0 0.298455 0.066464 0.012567 0.015559
0 0.241994 0.705164 0.013565 0.017548
0 0.125498 0.025869 0.014450 0.017528
0 0.454785 0.494540 0.017486 0.017237
0 0.288732 0.243104 0.016314 0.019449
0 0.357013 0.113597 0.014540 0.015253
0 0.396647 0.235291 0.012483 0.015494
0 0.367707 0.669651 0.016917 0.019071
0 0.218241 0.811663 0.016595 0.022596
0 0.539404 0.551603 0.013536 0.015581
0 0.158790 0.406971 0.036645 0.028157
0 0.754298 0.903563 0.014355 0.018734
0 0.382468 0.014862 0.019004 0.018493
0 0.461333 0.148345 0.014663 0.017474
0 0.434291 0.261873 0.014399 0.016259
0 0.348800 0.694876 0.016208 0.021929
0 0.210750 0.606369 0.017056 0.017727
0 0.371602 0.441698 0.018960 0.020820
0 0.520388 0.018054 0.016907 0.024075
0 0.259484 0.556460 0.015452 0.019387
0 0.237683 0.637616 0.020017 0.018783
0 0.275430 0.520957 0.019099 0.019575
0 0.485366 0.586417 0.018630 0.019145
0 0.381919 0.064430 0.014942 0.022222
0 0.873196 0.346579 0.022493 0.023549
0 0.554269 0.938931 0.041928 0.028323
0 0.354910 0.243215 0.023094 0.025086
0 0.613068 0.511018 0.013248 0.018066
0 0.591529 0.947106 0.021694 0.023131
0 0.375176 0.865247 0.024853 0.031545
0 0.498391 0.207176 0.017752 0.024481
0 0.546300 0.639272 0.018027 0.017992
0 0.812738 0.739189 0.018163 0.018369
0 0.630048 0.544198 0.014738 0.016604
0 0.372119 0.603224 0.021564 0.021141
0 0.314081 0.543355 0.020958 0.021909
0 0.461091 0.890359 0.041638 0.043170
0 0.859925 0.670826 0.018494 0.021239
0 0.664122 0.438419 0.022270 0.028902
0 0.495219 0.400391 0.021018 0.022928
0 0.589056 0.429125 0.024399 0.022767
0 0.764915 0.366611 0.017681 0.022938
0 0.417557 0.448676 0.021483 0.022867
0 0.508811 0.803342 0.026318 0.023058
0 0.886059 0.693816 0.017905 0.021682
0 0.501967 0.552304 0.021042 0.019349
0 0.464007 0.703792 0.020912 0.024101
0 0.504922 0.621804 0.020517 0.026914
0 0.646754 0.354773 0.026305 0.025889
0 0.638045 0.820514 0.031038 0.025652
0 0.546280 0.783006 0.024277 0.028251
0 0.693124 0.801427 0.021660 0.020214
0 0.770088 0.830378 0.025519 0.030065
0 0.537072 0.518079 0.019897 0.022708
0 0.616329 0.772426 0.026407 0.026528
0 0.222176 0.426383 0.018131 0.017360
0 0.240392 0.429277 0.011584 0.013288
0 0.229227 0.441493 0.009401 0.011145
0 0.260118 0.430563 0.011416 0.015003
0 0.279676 0.457246 0.018971 0.016074
0 0.297556 0.488216 0.013766 0.015860
0 0.322990 0.502040 0.013934 0.017360
0 0.201695 0.485966 0.013095 0.013074
0 0.153093 0.442029 0.015949 0.016932
0 0.194224 0.415131 0.015949 0.017575
0 0.203541 0.393913 0.014438 0.018861
0 0.318357 0.430374 0.018034 0.015454
0 0.332870 0.422726 0.012722 0.011827
0 0.349422 0.414290 0.018157 0.018607
0 0.354424 0.457733 0.019763 0.017504
0 0.375484 0.469244 0.018157 0.016242
0 0.405438 0.420472 0.019507 0.018350
0 0.432073 0.777367 0.015112 0.015857
0 0.476064 0.816481 0.020702 0.017971
0 0.422965 0.798377 0.017596 0.022464
0 0.368002 0.785956 0.013249 0.014536
0 0.383217 0.811460 0.019667 0.017443
0 0.355477 0.761377 0.011800 0.018236
0 0.358686 0.737592 0.016975 0.014007
0 0.338191 0.730192 0.023600 0.018764
0 0.333948 0.747370 0.022151 0.016121
0 0.286437 0.737724 0.016147 0.016914
0 0.285402 0.760717 0.012835 0.015329
0 0.298962 0.776838 0.012214 0.010571
0 0.328565 0.791242 0.011386 0.013479
0 0.329497 0.814499 0.016561 0.016121
0 0.308574 0.872128 0.015853 0.016728
0 0.355972 0.902073 0.025236 0.016315
0 0.396656 0.888443 0.016338 0.017967
0 0.326045 0.954632 0.019412 0.020239
0 0.361472 0.968056 0.022971 0.016935
0 0.354597 0.954735 0.010191 0.015489
0 0.295228 0.945235 0.014074 0.015076
0 0.305015 0.925616 0.019088 0.015489
0 0.285280 0.953909 0.028471 0.016728
0 0.252279 0.904241 0.016824 0.012804
0 0.282772 0.880905 0.015691 0.014869
0 0.188462 0.902899 0.015044 0.015489
0 0.209168 0.893193 0.014721 0.015076
0 0.221948 0.894741 0.014074 0.016521
0 0.228338 0.885138 0.015206 0.015902
0 0.158859 0.902176 0.016015 0.016521
0 0.169535 0.895568 0.010515 0.011565
0 0.227537 0.961216 0.013518 0.019879
0 0.260649 0.988632 0.020876 0.019661
0 0.186147 0.967461 0.014238 0.014087
0 0.177871 0.936333 0.012636 0.014542
0 0.371687 0.988592 0.015128 0.015450
0 0.324257 0.981776 0.021713 0.013633