0 0.169475 0.766619 0.020973 0.035507
0 0.647920 0.461796 0.018228 0.030638
0 0.965561 0.752601 0.018709 0.027686
0 0.396254 0.780386 0.014364 0.024003
0 0.901847 0.951854 0.015936 0.029798
0 0.309677 0.625601 0.014475 0.024000
0 0.839146 0.021640 0.019959 0.041783
0 0.421747 0.885739 0.016450 0.025129
0 0.222054 0.634484 0.017840 0.031584
0 0.783583 0.485966 0.015426 0.027700
0 0.212760 0.760793 0.017109 0.030119
0 0.840612 0.219721 0.015684 0.026310
0 0.434505 0.599688 0.019937 0.027561
0 0.586658 0.497172 0.027143 0.029433
0 0.199188 0.222155 0.018447 0.035999
0 0.247922 0.331081 0.018961 0.030447
0 0.016284 0.277601 0.016668 0.029121
0 0.393446 0.887777 0.017838 0.026097
0 0.210477 0.178705 0.019410 0.031937
0 0.762140 0.053805 0.019833 0.031020
0 0.215090 0.896347 0.020379 0.033604
0 0.345339 0.269190 0.021111 0.033387
0 0.804896 0.507658 0.018081 0.028182
0 0.178350 0.119281 0.017852 0.026496
0 0.524743 0.659136 0.018796 0.028741
0 0.237122 0.972838 0.019943 0.031548
0 0.601885 0.208895 0.017177 0.030169
0 0.091986 0.734056 0.016115 0.023294
0 0.835719 0.473661 0.016682 0.027067
0 0.200385 0.928604 0.018870 0.026220
0 0.492171 0.233519 0.019450 0.034201
0 0.898146 0.275003 0.017639 0.038316
0 0.072481 0.228138 0.017513 0.027215
0 0.294070 0.686397 0.019829 0.026476
0 0.312649 0.291311 0.020466 0.028917
0 0.821172 0.304397 0.023069 0.043693
0 0.011913 0.196356 0.017581 0.026267
0 0.089523 0.672642 0.024552 0.027925
0 0.792513 0.278199 0.018583 0.031538
0 0.600124 0.028960 0.018130 0.028404
0 0.540661 0.262960 0.017253 0.029260
0 0.686890 0.536386 0.019160 0.029074
0 0.446661 0.634818 0.016160 0.027541
0 0.481129 0.176757 0.018253 0.032922
0 0.505994 0.952606 0.017595 0.028863
0 0.007250 0.126779 0.014451 0.034171
0 0.808397 0.362274 0.018636 0.029766
0 0.436884 0.237502 0.019644 0.031724
0 0.534233 0.526581 0.018968 0.027144
0 0.139074 0.023396 0.019643 0.028822
0 0.422419 0.453895 0.019335 0.033004
0 0.267920 0.624648 0.022466 0.027829
0 0.517882 0.347824 0.022778 0.037344
0 0.656398 0.176540 0.022688 0.047633
0 0.969667 0.052950 0.028990 0.052548
0 0.538615 0.017947 0.029561 0.033032
0 0.858462 0.331791 0.032969 0.042365