0 0.888671 0.129861 0.007745 0.017738
0 0.302659 0.239927 0.020932 0.042336
0 0.783055 0.409690 0.012561 0.033844
0 0.912278 0.155250 0.009578 0.017740
0 0.365545 0.058399 0.018278 0.037336
0 0.975638 0.251457 0.010551 0.020667
0 0.960876 0.243771 0.009515 0.018132
0 0.988850 0.059114 0.010107 0.023562
0 0.958885 0.044439 0.011787 0.022644
0 0.841063 0.246305 0.009894 0.020990
0 0.969801 0.416843 0.011369 0.021993
0 0.715436 0.479772 0.013415 0.036509
0 0.885560 0.055636 0.010803 0.020097
0 0.927645 0.311647 0.012304 0.022924
0 0.960809 0.285244 0.012042 0.022629
0 0.846358 0.109958 0.013114 0.025588
0 0.653496 0.068506 0.024050 0.049466