0 0.616808 0.322965 0.011263 0.016460
0 0.619453 0.456081 0.012620 0.017216
0 0.455833 0.274190 0.013861 0.020476
0 0.496461 0.484402 0.013251 0.018428
0 0.604855 0.394204 0.013550 0.019849
0 0.686943 0.253218 0.012983 0.016547
0 0.458821 0.041957 0.012044 0.015571
0 0.251919 0.008033 0.011814 0.015494
0 0.593129 0.567135 0.012623 0.019765
0 0.748984 0.786460 0.014198 0.023339
0 0.293402 0.076381 0.013322 0.017484
0 0.652492 0.635494 0.014251 0.022376
0 0.523783 0.505486 0.014210 0.019389
0 0.609470 0.724421 0.014987 0.021777
0 0.498622 0.452002 0.016983 0.022044
0 0.442570 0.825823 0.015903 0.020858
0 0.373434 0.445758 0.017983 0.023553