0 0.557987 0.496746 0.013877 0.022698
0 0.690740 0.516179 0.012524 0.017316
0 0.782447 0.481224 0.015546 0.017015
0 0.618624 0.443071 0.012314 0.016845
0 0.910730 0.586541 0.012244 0.015832
0 0.652876 0.433354 0.013044 0.017109
0 0.802728 0.395476 0.014493 0.020925
0 0.231585 0.209043 0.016177 0.019776
0 0.819998 0.450946 0.013138 0.018918
0 0.691117 0.509233 0.014830 0.028967
0 0.602724 0.445187 0.011195 0.018528
0 0.282156 0.905456 0.011504 0.014507
0 0.963633 0.485146 0.012874 0.015804
0 0.457538 0.462752 0.011661 0.017742
0 0.610449 0.399829 0.014748 0.023465
0 0.430145 0.311934 0.015289 0.019743
0 0.784929 0.569364 0.017305 0.024145
0 0.538427 0.384354 0.012783 0.018892
0 0.410481 0.240426 0.011356 0.017184
0 0.044239 0.454624 0.032640 0.046248
0 0.511192 0.091740 0.014088 0.023049
0 0.113467 0.150916 0.013660 0.023094
0 0.875983 0.438666 0.014924 0.021257
0 0.692196 0.347211 0.012533 0.016466
0 0.832460 0.492661 0.012409 0.018082
0 0.848197 0.628636 0.013276 0.017663
0 0.057935 0.098169 0.013040 0.019605
0 0.982739 0.592518 0.016522 0.018178
0 0.955565 0.587628 0.013854 0.016816
0 0.859274 0.579315 0.025366 0.031029
0 0.640412 0.460629 0.017957 0.021994
0 0.919838 0.624182 0.014676 0.018231
0 0.431137 0.388214 0.012984 0.019677
0 0.040601 0.138246 0.014525 0.021752
0 0.850420 0.735565 0.014599 0.020582
0 0.358096 0.292690 0.015501 0.019337
0 0.707244 0.442489 0.013895 0.017261
0 0.718469 0.514149 0.013773 0.021357
0 0.876829 0.664841 0.016260 0.026442
0 0.929547 0.697080 0.015792 0.024602
0 0.479519 0.946542 0.019220 0.025121
0 0.754269 0.506412 0.019596 0.023833
0 0.588158 0.531018 0.020971 0.024822
0 0.449884 0.575005 0.022079 0.032197