0 0.963570 0.451583 0.010646 0.017359
0 0.424830 0.597797 0.010455 0.016063
0 0.440706 0.417695 0.013077 0.019448
0 0.265399 0.163442 0.011647 0.016918
0 0.363422 0.065426 0.013105 0.018544
0 0.633946 0.282444 0.011617 0.020897
0 0.940034 0.774653 0.010576 0.015570
0 0.273672 0.086790 0.009560 0.013798
0 0.202033 0.056953 0.010634 0.016184
0 0.991570 0.552364 0.010829 0.020337
0 0.219773 0.257775 0.012170 0.019786
0 0.760867 0.379563 0.011926 0.019356
0 0.858376 0.399351 0.015009 0.022654
0 0.650664 0.804528 0.014191 0.020861
0 0.524292 0.748830 0.013947 0.022539