0 0.336638 0.255625 0.036208 0.033410
0 0.879588 0.337897 0.020705 0.018636
0 0.740094 0.045225 0.010835 0.013653
0 0.787156 0.006969 0.014148 0.013727
0 0.945747 0.214619 0.022475 0.025411
0 0.847323 0.113874 0.018248 0.023982
0 0.805624 0.106774 0.014080 0.016018
0 0.841563 0.058128 0.014998 0.017727
0 0.733118 0.017655 0.010659 0.013640
0 0.860297 0.259027 0.020124 0.018023
0 0.897409 0.238289 0.013068 0.015826
0 0.814766 0.158403 0.012999 0.014321
0 0.532081 0.022272 0.016052 0.016121
0 0.621024 0.797575 0.013170 0.015929
0 0.768248 0.136280 0.012541 0.017693
0 0.866978 0.067071 0.015651 0.019084
0 0.832454 0.272095 0.014071 0.017862
0 0.871529 0.032256 0.017428 0.018733
0 0.712155 0.044504 0.013777 0.016313
0 0.683072 0.011959 0.016928 0.022312
0 0.295198 0.203646 0.019752 0.025226
0 0.917176 0.346636 0.014661 0.018015
0 0.051163 0.831963 0.018701 0.030540
0 0.501604 0.701324 0.015212 0.021500
0 0.886245 0.368155 0.020939 0.017289
0 0.944032 0.451835 0.017550 0.025377
0 0.476290 0.481228 0.023121 0.019817
0 0.525624 0.487960 0.017025 0.025581
0 0.237204 0.926539 0.019542 0.027298
0 0.726916 0.609720 0.021011 0.024684
0 0.431047 0.431557 0.022273 0.027236
0 0.931015 0.640830 0.034463 0.031782
0 0.666884 0.705157 0.025971 0.029588