0 0.742176 0.187864 0.021130 0.033229
0 0.487432 0.281845 0.017219 0.021240
0 0.105824 0.546489 0.019882 0.034413
0 0.685681 0.156159 0.012572 0.017909
0 0.876713 0.714506 0.013691 0.016606
0 0.528733 0.469390 0.012852 0.018632
0 0.297234 0.436444 0.015054 0.023043
0 0.816483 0.360300 0.017107 0.028469
0 0.880271 0.299441 0.016650 0.020728
0 0.895285 0.237625 0.022129 0.030705
0 0.869736 0.048562 0.023775 0.030034
0 0.960088 0.802198 0.014546 0.019511
0 0.824697 0.527227 0.021494 0.021593
0 0.867022 0.753118 0.016425 0.020152
0 0.948519 0.774276 0.015233 0.019076
0 0.840376 0.408862 0.018060 0.026332
0 0.742574 0.393148 0.014533 0.021987
0 0.700064 0.287603 0.015855 0.023176