0 0.261748 0.080734 0.024610 0.038025
0 0.208856 0.254646 0.016005 0.035834
0 0.067565 0.741668 0.015652 0.031091
0 0.935470 0.542808 0.020210 0.041516
0 0.046745 0.616199 0.014407 0.029551
0 0.711598 0.837857 0.028540 0.051014
0 0.073112 0.208855 0.023042 0.037351
0 0.345748 0.205837 0.017674 0.039765
0 0.091985 0.344416 0.017866 0.033254
0 0.679532 0.359585 0.020038 0.036552
0 0.064095 0.951519 0.016030 0.035828
0 0.156911 0.342010 0.019025 0.052619
0 0.047536 0.450154 0.022012 0.043596
0 0.108511 0.776136 0.016631 0.036691
0 0.121533 0.096230 0.024113 0.043783
0 0.302053 0.896123 0.019612 0.029567
0 0.346234 0.144370 0.018416 0.032316
0 0.057115 0.394273 0.016554 0.034813
0 0.018693 0.315180 0.022830 0.049261
0 0.227738 0.186753 0.023464 0.044911