0 0.920687 0.528908 0.015682 0.020799
0 0.969751 0.962194 0.013358 0.019404
0 0.378024 0.293901 0.013233 0.021102
0 0.792574 0.669858 0.015062 0.022307
0 0.986855 0.231697 0.010850 0.017302
0 0.315629 0.800192 0.023369 0.030120
0 0.352805 0.066219 0.016520 0.028900
0 0.598309 0.351927 0.015281 0.021950
0 0.587175 0.303431 0.015865 0.022569
0 0.522123 0.408742 0.018060 0.025858
0 0.162321 0.734188 0.014266 0.020341
0 0.728822 0.867523 0.014840 0.022181
0 0.543973 0.593351 0.016777 0.026121
0 0.687117 0.773461 0.015762 0.021852
0 0.503181 0.009084 0.018986 0.017211
0 0.442832 0.879370 0.012890 0.017987
0 0.680973 0.455763 0.014645 0.021482
0 0.036765 0.094584 0.014676 0.022101
0 0.635304 0.574740 0.018359 0.030812
0 0.737501 0.531096 0.016295 0.023217
0 0.932021 0.196369 0.018008 0.025559
0 0.962670 0.150219 0.013898 0.022131
0 0.552115 0.324188 0.017836 0.026107
0 0.008853 0.114559 0.017443 0.024355
0 0.393333 0.357552 0.020618 0.028344
0 0.403336 0.035907 0.020950 0.028519
0 0.098934 0.152639 0.017169 0.024865
0 0.180771 0.658283 0.017645 0.027905
0 0.329235 0.753523 0.022684 0.031729