0 0.891330 0.853028 0.012982 0.013805
0 0.737551 0.915510 0.015324 0.017006
0 0.968802 0.572802 0.015624 0.017620
0 0.882824 0.892162 0.012892 0.015131
0 0.371683 0.606061 0.014723 0.015395
0 0.266612 0.595829 0.020449 0.024732
0 0.779767 0.920274 0.016632 0.021571
0 0.672941 0.837372 0.013198 0.015913
0 0.168254 0.059334 0.016450 0.017615
0 0.381829 0.424501 0.017294 0.024332
0 0.328518 0.190689 0.017502 0.020369
0 0.148545 0.310812 0.017873 0.027385
0 0.980451 0.925690 0.013613 0.016126
0 0.192132 0.163854 0.016905 0.018809
0 0.470793 0.392372 0.019765 0.022373
0 0.968112 0.792830 0.014383 0.016997
0 0.904793 0.351759 0.020273 0.020727
0 0.536126 0.764356 0.014205 0.016453
0 0.727607 0.653390 0.016724 0.019369
0 0.677636 0.856015 0.015162 0.017005
0 0.479586 0.734286 0.016299 0.017618
0 0.406008 0.883175 0.013917 0.015749
0 0.747284 0.852144 0.017306 0.017038
0 0.544860 0.846295 0.013567 0.016496
0 0.450350 0.870785 0.015886 0.019233
0 0.381376 0.264653 0.022345 0.030177
0 0.569630 0.714434 0.017122 0.020343
0 0.943933 0.790417 0.015732 0.017489
0 0.025040 0.893686 0.016029 0.018159
0 0.728826 0.691175 0.017815 0.020539
0 0.217772 0.757539 0.021602 0.031382
0 0.375536 0.707619 0.027786 0.030452
0 0.574871 0.751037 0.018984 0.020332
0 0.917826 0.853579 0.017935 0.018927
0 0.349004 0.988714 0.024484 0.019683
0 0.525071 0.535019 0.023292 0.028358
0 0.171293 0.837332 0.037967 0.038027
0 0.049931 0.670171 0.025116 0.027555
0 0.339641 0.808364 0.025419 0.041209
0 0.678043 0.527549 0.034435 0.033525