0 0.647259 0.529012 0.014877 0.017653
0 0.559824 0.529489 0.015277 0.022452
0 0.172772 0.519524 0.015439 0.018427
0 0.337779 0.810564 0.015291 0.022072
0 0.197922 0.409725 0.011488 0.019883
0 0.346390 0.234713 0.013195 0.021338
0 0.297250 0.728823 0.014085 0.022293
0 0.377188 0.990402 0.021927 0.018365
0 0.385680 0.764521 0.017325 0.020728
0 0.058235 0.474754 0.019789 0.025453
0 0.056136 0.686144 0.013957 0.019966
0 0.145540 0.580911 0.016712 0.020593
0 0.316511 0.783485 0.015516 0.016611
0 0.025213 0.700284 0.016412 0.030312
0 0.249282 0.655594 0.013884 0.025050
0 0.213477 0.229021 0.012613 0.019157
0 0.072803 0.817670 0.018360 0.022498
0 0.007677 0.236394 0.014718 0.026407
0 0.581436 0.931632 0.014323 0.019898
0 0.052770 0.555357 0.018745 0.021339
0 0.149081 0.679340 0.014774 0.022126
0 0.434575 0.984640 0.017877 0.021040
0 0.319669 0.801113 0.015108 0.017857
0 0.113245 0.610890 0.014975 0.026117
0 0.103618 0.041124 0.013726 0.019430
0 0.108993 0.353865 0.014594 0.023664
0 0.090047 0.017916 0.011440 0.021174
0 0.715874 0.174143 0.015323 0.024102
0 0.071697 0.933360 0.018722 0.024951
0 0.090850 0.525418 0.020137 0.026939
0 0.174506 0.019828 0.013154 0.021311
0 0.067598 0.533482 0.019218 0.029074
0 0.270459 0.769145 0.020749 0.020976
0 0.293128 0.770056 0.019036 0.023144
0 0.431707 0.427910 0.013799 0.023022
0 0.242785 0.764571 0.021208 0.023348
0 0.122388 0.843608 0.023149 0.022272
0 0.683303 0.541860 0.017238 0.023237