0 0.938581 0.344622 0.019843 0.022089
0 0.688991 0.125285 0.021805 0.032828
0 0.366297 0.206585 0.017255 0.030505
0 0.559955 0.304065 0.015678 0.021513
0 0.234737 0.496101 0.032528 0.023616
0 0.360727 0.869075 0.013863 0.016661
0 0.525733 0.273614 0.016924 0.022710
0 0.560410 0.335156 0.015364 0.020764
0 0.356328 0.016016 0.028526 0.030599
0 0.518018 0.412734 0.021652 0.027310
0 0.429646 0.982976 0.011706 0.012808
0 0.277436 0.588876 0.023781 0.023154
0 0.313837 0.656882 0.018602 0.019363
0 0.691239 0.429767 0.015877 0.016654
0 0.765575 0.214269 0.021506 0.025160
0 0.843643 0.349570 0.021337 0.021510
0 0.243182 0.457488 0.027037 0.030270
0 0.587848 0.286122 0.017820 0.025091
0 0.354122 0.834540 0.012327 0.015543
0 0.744008 0.187004 0.023942 0.028695
0 0.344823 0.798056 0.013534 0.016074
0 0.246734 0.619813 0.015026 0.017635
0 0.292361 0.561719 0.021163 0.019025
0 0.125269 0.683416 0.020746 0.026241
0 0.939841 0.555692 0.016336 0.018442
0 0.037784 0.556021 0.021141 0.022955
0 0.712657 0.318146 0.019457 0.023700
0 0.548466 0.451090 0.019347 0.018224
0 0.342489 0.532805 0.027838 0.020878
0 0.309918 0.408518 0.015306 0.022645
0 0.101547 0.593303 0.014441 0.021274
0 0.895281 0.060100 0.022402 0.030133
0 0.415845 0.924409 0.015229 0.017282
0 0.436038 0.827138 0.018031 0.024752
0 0.489416 0.852711 0.018805 0.021410
0 0.413641 0.704396 0.016553 0.017334
0 0.401377 0.536268 0.015642 0.016187
0 0.453395 0.984628 0.016452 0.015979
0 0.290463 0.705719 0.016435 0.021199
0 0.391748 0.955538 0.015942 0.022443
0 0.496130 0.924656 0.021180 0.027086
0 0.441527 0.915466 0.018895 0.021449
0 0.904228 0.495898 0.015915 0.025524
0 0.170542 0.749773 0.017047 0.016748
0 0.547760 0.480785 0.020161 0.020426
0 0.076631 0.803837 0.019967 0.020055
0 0.343121 0.577302 0.018161 0.018756
0 0.264387 0.637564 0.020508 0.024885
0 0.455043 0.728643 0.020758 0.017128
0 0.580076 0.598906 0.018181 0.019869
0 0.746495 0.518272 0.018057 0.021939
0 0.616471 0.442687 0.021541 0.022365
0 0.073140 0.761028 0.017118 0.022426
0 0.417905 0.780204 0.018023 0.023390
0 0.317510 0.833173 0.018194 0.020531
0 0.278465 0.789151 0.021900 0.029119
0 0.523731 0.863463 0.021254 0.025370
0 0.377566 0.561786 0.020781 0.018292
0 0.613197 0.333474 0.024548 0.033522
0 0.529097 0.817453 0.021289 0.022274
0 0.388273 0.665580 0.021733 0.020553
0 0.635542 0.384717 0.023385 0.025329
0 0.289200 0.527122 0.024142 0.026984
0 0.528000 0.577651 0.026035 0.026184
0 0.431203 0.516143 0.023820 0.025667
0 0.656116 0.348227 0.030957 0.028485
0 0.642634 0.520966 0.027737 0.023203
0 0.752190 0.578467 0.037430 0.031107