0 0.415112 0.008168 0.024390 0.016336
0 0.208077 0.009849 0.022406 0.019697
0 0.606474 0.371176 0.021921 0.034890
0 0.579696 0.881040 0.016620 0.029448
0 0.677931 0.005308 0.025538 0.010616
0 0.663474 0.848438 0.027112 0.038885
0 0.062949 0.426467 0.020127 0.040637
0 0.738382 0.528685 0.022995 0.032749
0 0.651557 0.529373 0.022884 0.032417
0 0.717664 0.466606 0.026013 0.044019
0 0.255818 0.165667 0.024669 0.033732
0 0.209727 0.361312 0.025766 0.055838
0 0.501047 0.538205 0.021778 0.034246
0 0.685992 0.110560 0.021222 0.032215
0 0.688889 0.055801 0.022573 0.040941
0 0.610704 0.577668 0.023679 0.042704
0 0.750971 0.725024 0.020368 0.033146
0 0.645750 0.739134 0.027419 0.044295
0 0.007884 0.529155 0.015768 0.035085
0 0.692217 0.755024 0.025972 0.039674
0 0.428549 0.041480 0.023684 0.040329
0 0.743154 0.354609 0.026547 0.039256
0 0.516503 0.235850 0.029091 0.041578
0 0.606798 0.447000 0.028861 0.041366
0 0.671542 0.653886 0.023886 0.040113
0 0.325565 0.113930 0.030568 0.042935
0 0.608863 0.110125 0.025665 0.034633
0 0.041703 0.497058 0.019230 0.031217
0 0.876447 0.857233 0.028587 0.042225
0 0.573213 0.146473 0.020082 0.033028
0 0.816359 0.978268 0.045725 0.043453
0 0.570367 0.544191 0.028630 0.037748
0 0.111020 0.545740 0.021011 0.036019
0 0.759174 0.961915 0.025858 0.042733
0 0.150423 0.188807 0.024741 0.037873
0 0.289029 0.243793 0.033905 0.053616
0 0.043659 0.142635 0.033225 0.064540
0 0.343898 0.078651 0.031599 0.049449
0 0.834960 0.382380 0.035212 0.044494
0 0.311895 0.411943 0.029870 0.043779
0 0.831312 0.580238 0.034364 0.048361
0 0.226608 0.076498 0.033182 0.051441
0 0.784684 0.752322 0.036498 0.056001
0 0.652313 0.164211 0.027973 0.043746
0 0.493406 0.149415 0.028718 0.045812
0 0.765557 0.424146 0.038885 0.046972
0 0.554123 0.299347 0.031977 0.043052
0 0.638494 0.347444 0.036528 0.052509
0 0.120791 0.119203 0.038245 0.050649
0 0.460433 0.363839 0.030606 0.048802
0 0.538149 0.369485 0.039598 0.048691
0 0.569425 0.600007 0.031074 0.048859
0 0.800719 0.488317 0.035935 0.055980
0 0.978674 0.570776 0.034332 0.043379
0 0.966789 0.626712 0.026410 0.047945