0 0.447750 0.231889 0.013900 0.021625
0 0.573236 0.655001 0.013006 0.019439
0 0.906528 0.112183 0.013560 0.019896
0 0.097147 0.294142 0.014090 0.024086
0 0.920725 0.529161 0.014542 0.018547
0 0.303834 0.116297 0.016504 0.024905
0 0.965834 0.722736 0.010993 0.016124
0 0.986823 0.231746 0.010243 0.016207
0 0.945594 0.024244 0.012012 0.017870
0 0.969683 0.962254 0.012417 0.018368
0 0.315734 0.800307 0.022440 0.028752
0 0.824631 0.236135 0.011335 0.018491
0 0.377994 0.294103 0.012582 0.019621
0 0.598302 0.352055 0.014341 0.020302
0 0.352791 0.066375 0.015591 0.027220
0 0.587164 0.303510 0.015285 0.021166
0 0.162252 0.734307 0.013272 0.018681
0 0.728723 0.867418 0.013849 0.019873
0 0.522052 0.408912 0.016937 0.023682
0 0.458624 0.292134 0.017930 0.027546
0 0.562168 0.449858 0.018651 0.028526
0 0.687030 0.773821 0.014623 0.019580
0 0.543880 0.593330 0.015639 0.024011
0 0.792484 0.670011 0.014854 0.021936
0 0.503170 0.009048 0.018059 0.016582
0 0.442819 0.879403 0.012066 0.016450
0 0.680991 0.455951 0.013519 0.019310
0 0.036819 0.094753 0.013791 0.020527
0 0.635311 0.574770 0.017028 0.028390
0 0.737459 0.531370 0.015066 0.020845
0 0.932007 0.196374 0.016935 0.023686
0 0.962697 0.150179 0.012978 0.020047
0 0.008698 0.114883 0.016819 0.022272
0 0.552153 0.324413 0.016728 0.023899
0 0.393274 0.357603 0.019562 0.026534
0 0.403293 0.035981 0.019929 0.026828
0 0.098967 0.152847 0.016128 0.022654
0 0.180761 0.658513 0.016586 0.025544
0 0.329227 0.753608 0.021525 0.029548