0 0.705036 0.347324 0.009263 0.013280
0 0.275491 0.349903 0.009345 0.014418
0 0.728861 0.427900 0.014106 0.015400
0 0.754213 0.423073 0.011527 0.015538
0 0.368015 0.303684 0.009279 0.014112
0 0.242528 0.078622 0.009159 0.012751
0 0.509655 0.564974 0.012894 0.021810
0 0.577129 0.163653 0.010676 0.014172
0 0.563820 0.539330 0.009055 0.015441
0 0.161256 0.499239 0.010372 0.013154
0 0.415467 0.353482 0.009122 0.014822
0 0.548311 0.350479 0.009873 0.013479
0 0.588780 0.183488 0.009739 0.013873
0 0.349096 0.112983 0.016430 0.020082
0 0.440038 0.236518 0.010368 0.016258
0 0.786847 0.329439 0.011271 0.017210
0 0.588754 0.121834 0.009056 0.014582
0 0.036518 0.065536 0.010175 0.012819
0 0.732713 0.284201 0.011398 0.013188
0 0.148823 0.269922 0.011283 0.014381
0 0.631910 0.526051 0.009723 0.015448
0 0.193636 0.373699 0.026180 0.034026
0 0.600060 0.308060 0.009433 0.012777
0 0.420901 0.250024 0.009362 0.014361
0 0.657622 0.394454 0.010914 0.019346
0 0.246826 0.295649 0.011531 0.013846
0 0.090746 0.013618 0.010922 0.013237
0 0.716326 0.392395 0.011960 0.015988
0 0.592337 0.352381 0.010124 0.015759
0 0.540471 0.289678 0.011243 0.015488
0 0.417854 0.208647 0.012030 0.014581
0 0.547002 0.250609 0.016417 0.016623
0 0.361721 0.024234 0.013559 0.020145
0 0.827384 0.429379 0.037379 0.056135
0 0.642878 0.120854 0.012779 0.022997
0 0.434222 0.075450 0.015730 0.015389