0 0.590927 0.114649 0.025188 0.048106
0 0.672236 0.635403 0.016090 0.030173
0 0.627677 0.962566 0.016339 0.033032
0 0.699781 0.120304 0.012678 0.026340
0 0.649476 0.498225 0.015072 0.030909
0 0.248869 0.609428 0.014625 0.030118
0 0.108934 0.730247 0.032557 0.045135
0 0.042045 0.930164 0.020186 0.049793
0 0.927386 0.438016 0.014724 0.030445
0 0.293280 0.712049 0.015470 0.027562
0 0.989284 0.180368 0.014510 0.031664
0 0.871712 0.989373 0.019108 0.021018
0 0.923799 0.505031 0.016344 0.035853
0 0.875272 0.213478 0.016314 0.036424
0 0.222921 0.744440 0.018236 0.032561
0 0.344982 0.670236 0.015753 0.030127
0 0.630225 0.436667 0.025661 0.042083
0 0.399049 0.675767 0.022411 0.031730
0 0.652982 0.706370 0.017938 0.036422
0 0.574114 0.797573 0.021831 0.034381
0 0.541368 0.889123 0.017296 0.035084
0 0.409949 0.814260 0.019094 0.036754
0 0.100109 0.182903 0.035296 0.071215
0 0.605106 0.967071 0.016897 0.030274
0 0.638900 0.793904 0.020204 0.038595
0 0.481037 0.842549 0.019647 0.038955
0 0.573037 0.940446 0.021096 0.036582
0 0.609280 0.817117 0.031109 0.066185
0 0.459422 0.987321 0.021707 0.025128
0 0.425042 0.888614 0.020211 0.037049
0 0.438237 0.972529 0.018184 0.037853
0 0.236358 0.396119 0.035681 0.057078