0 0.033001 0.811019 0.017253 0.023884
0 0.088881 0.829839 0.018881 0.027175
0 0.322268 0.413889 0.019454 0.035564
0 0.439686 0.428202 0.019106 0.039443
0 0.523488 0.877172 0.019283 0.042581
0 0.201811 0.966963 0.022462 0.043884
0 0.487029 0.428841 0.021039 0.042574
0 0.356524 0.426357 0.019728 0.035285
0 0.104704 0.460830 0.018761 0.035750
0 0.018810 0.503422 0.022650 0.045897
0 0.155732 0.494394 0.017045 0.030778
0 0.188854 0.490780 0.017997 0.035198
0 0.185757 0.885969 0.025331 0.044086
0 0.509001 0.540909 0.024021 0.043803
0 0.354280 0.935172 0.033882 0.061458
0 0.221100 0.445346 0.019773 0.035169
0 0.118129 0.915259 0.025496 0.048817
0 0.558233 0.535640 0.030728 0.053463