0 0.443629 0.821317 0.015647 0.024365
0 0.469223 0.962914 0.014012 0.019987
0 0.808979 0.522710 0.014645 0.022452
0 0.383667 0.413975 0.014443 0.023010
0 0.559258 0.791603 0.016321 0.024663
0 0.924729 0.025869 0.015885 0.023256
0 0.523763 0.626691 0.016236 0.025090
0 0.351398 0.508108 0.015417 0.025025
0 0.451225 0.606716 0.019380 0.024787
0 0.756145 0.480341 0.019279 0.028253
0 0.434957 0.432536 0.016830 0.023778
0 0.502058 0.549472 0.016967 0.027107
0 0.683881 0.097711 0.016586 0.023460
0 0.021905 0.097677 0.015123 0.020158
0 0.206852 0.972023 0.016359 0.021519
0 0.022379 0.029338 0.014226 0.023451
0 0.586784 0.422712 0.016762 0.024196
0 0.092503 0.055312 0.014385 0.019497
0 0.264691 0.372841 0.017206 0.026910
0 0.550508 0.135257 0.019759 0.026840
0 0.288906 0.020433 0.014893 0.019611
0 0.080399 0.036446 0.014941 0.020229
0 0.538414 0.497470 0.020327 0.026937
0 0.673458 0.881560 0.018407 0.028346
0 0.581179 0.271058 0.029822 0.029525