0 0.739676 0.307064 0.022199 0.036628
0 0.732089 0.433950 0.021753 0.031907
0 0.383731 0.463400 0.017501 0.033272
0 0.224151 0.043437 0.022112 0.041251
0 0.161115 0.008631 0.014884 0.016508
0 0.705403 0.023018 0.014216 0.025894
0 0.324061 0.964074 0.020045 0.031289
0 0.679991 0.421848 0.019230 0.032638
0 0.430911 0.022837 0.016293 0.027489
0 0.418735 0.823395 0.038062 0.059274
0 0.860636 0.061511 0.018657 0.036286
0 0.463277 0.052929 0.014126 0.024225
0 0.299497 0.558935 0.018711 0.043120
0 0.353822 0.066763 0.016338 0.028313
0 0.789022 0.264080 0.015726 0.024426
0 0.773441 0.337539 0.017366 0.028142
0 0.522071 0.374014 0.026683 0.044236
0 0.081223 0.013290 0.019023 0.025243
0 0.079823 0.160858 0.034955 0.047796
0 0.321258 0.546941 0.021003 0.038789
0 0.721555 0.560353 0.016528 0.026073
0 0.878866 0.288620 0.014602 0.023747
0 0.257146 0.014434 0.015821 0.025720
0 0.639913 0.548571 0.022172 0.030942
0 0.068630 0.308336 0.017986 0.031336
0 0.388702 0.135252 0.016230 0.026002
0 0.672757 0.735463 0.019946 0.034984
0 0.233013 0.852661 0.031400 0.040864
0 0.668094 0.091535 0.026424 0.039317
0 0.557697 0.871965 0.020143 0.041029
0 0.740786 0.057665 0.023093 0.035168
0 0.331581 0.466134 0.019500 0.029226
0 0.186770 0.505221 0.018995 0.037261
0 0.214693 0.223641 0.029946 0.046776
0 0.847769 0.719013 0.017600 0.035316
0 0.233571 0.736977 0.026944 0.045716
0 0.197241 0.407574 0.017103 0.029690
0 0.954941 0.308368 0.015748 0.026830
0 0.849750 0.450225 0.025642 0.045235
0 0.272706 0.485690 0.021548 0.038937
0 0.011356 0.548330 0.022625 0.036812
0 0.561700 0.415202 0.039589 0.045112
0 0.249786 0.135846 0.022598 0.037404
0 0.560636 0.566737 0.033800 0.043055
0 0.870151 0.550575 0.018947 0.034735
0 0.386525 0.257456 0.026331 0.045879
0 0.856219 0.343844 0.023364 0.041161
0 0.939447 0.123535 0.020697 0.034136
0 0.264650 0.286299 0.032357 0.046830
0 0.379979 0.364170 0.036665 0.051079
0 0.363913 0.594003 0.037101 0.048533