0 0.868424 0.644483 0.012042 0.017074
0 0.525481 0.090522 0.010420 0.018396
0 0.803659 0.028029 0.010865 0.018839
0 0.688354 0.038253 0.012630 0.019922
0 0.837504 0.086425 0.011505 0.018234
0 0.871243 0.272953 0.010836 0.018633
0 0.491724 0.220120 0.014058 0.022854
0 0.426117 0.090251 0.015846 0.022410
0 0.896547 0.006744 0.013313 0.013411
0 0.623369 0.644239 0.013652 0.021420
0 0.933202 0.693457 0.010614 0.014900
0 0.967044 0.660924 0.012410 0.019157
0 0.681754 0.629696 0.014241 0.024035
0 0.960626 0.288591 0.010829 0.019971
0 0.759008 0.219040 0.012821 0.023079
0 0.799512 0.286154 0.013252 0.022179
0 0.975108 0.681466 0.011009 0.017150
0 0.180902 0.005942 0.018460 0.011854
0 0.994198 0.373456 0.010477 0.016267
0 0.464321 0.027260 0.013325 0.020874
0 0.380038 0.196933 0.013768 0.025474
0 0.748571 0.307233 0.014916 0.022851
0 0.207487 0.954403 0.018972 0.026189
0 0.101801 0.227887 0.014074 0.020836
0 0.077649 0.097349 0.018018 0.023997
0 0.410394 0.608915 0.018836 0.026070
0 0.704076 0.155043 0.013482 0.023386