0 0.745544 0.464894 0.012933 0.024313
0 0.019279 0.174039 0.011003 0.015941
0 0.787967 0.453644 0.017084 0.020370
0 0.507270 0.769911 0.014148 0.021328
0 0.670555 0.090450 0.009753 0.015499
0 0.976180 0.430537 0.011624 0.015401
0 0.960419 0.499081 0.009884 0.015964
0 0.940638 0.335018 0.015448 0.020735
0 0.386658 0.377143 0.016782 0.020254
0 0.039796 0.806762 0.011851 0.019371
0 0.564627 0.337625 0.013962 0.023437
0 0.834275 0.222535 0.013461 0.021125
0 0.522897 0.147254 0.018265 0.019171
0 0.562789 0.059615 0.017156 0.021663
0 0.368435 0.409171 0.011525 0.019625
0 0.939897 0.302983 0.014998 0.019413
0 0.890708 0.157829 0.013860 0.019302
0 0.977297 0.204979 0.016096 0.019758
0 0.055801 0.186438 0.016265 0.020587
0 0.860755 0.927472 0.016933 0.019560
0 0.902502 0.128593 0.018162 0.021693
0 0.541956 0.546131 0.019921 0.022036
0 0.434584 0.447597 0.017863 0.021711
0 0.437130 0.416279 0.018238 0.020827
0 0.886953 0.964423 0.016329 0.021989