0 0.473682 0.019009 0.023646 0.028891
0 0.165476 0.983560 0.018474 0.022439
0 0.372157 0.875705 0.022143 0.031590
0 0.192580 0.301030 0.037673 0.038196
0 0.194560 0.655936 0.021046 0.024138
0 0.363296 0.213447 0.027790 0.039028
0 0.166399 0.264843 0.026977 0.029143
0 0.106036 0.937597 0.018777 0.020920
0 0.288971 0.985553 0.023655 0.028343
0 0.410091 0.344826 0.023607 0.044589
0 0.159534 0.561684 0.022929 0.036464
0 0.056026 0.984498 0.018227 0.025790
0 0.111148 0.654183 0.019568 0.025143
0 0.328017 0.941343 0.027742 0.035947
0 0.009709 0.957353 0.018902 0.029774
0 0.377401 0.304457 0.028476 0.034457
0 0.124188 0.840507 0.019236 0.023878
0 0.011801 0.795476 0.016972 0.023057
0 0.183890 0.694457 0.021319 0.041161
0 0.290916 0.918744 0.020284 0.027824
0 0.189067 0.520992 0.020774 0.030515
0 0.263874 0.565912 0.025062 0.042646
0 0.055735 0.607592 0.021340 0.026018
0 0.362127 0.563500 0.024940 0.044169
0 0.167882 0.833663 0.017541 0.024973
0 0.288769 0.636295 0.025284 0.039208
0 0.729846 0.504012 0.026180 0.036592
0 0.528167 0.591146 0.021634 0.044383
0 0.270897 0.145363 0.028506 0.035893
0 0.832245 0.695989 0.032027 0.039829