0 0.640777 0.481990 0.018669 0.031858
0 0.645242 0.432273 0.017143 0.041958
0 0.148589 0.512345 0.021816 0.043343
0 0.659518 0.233799 0.017149 0.035010
0 0.327120 0.557753 0.020559 0.034575
0 0.100498 0.087633 0.017651 0.032372
0 0.666686 0.324896 0.016207 0.036250
0 0.287215 0.888348 0.013506 0.026800
0 0.263570 0.696445 0.014877 0.028624
0 0.044715 0.400021 0.016962 0.042477
0 0.772267 0.874512 0.018809 0.033401
0 0.671498 0.889054 0.015079 0.024802
0 0.212308 0.498833 0.017745 0.036058
0 0.139964 0.674725 0.012630 0.023038
0 0.292643 0.571571 0.013734 0.025699
0 0.164511 0.323632 0.020077 0.034004
0 0.062194 0.779031 0.021118 0.043345
0 0.076528 0.340753 0.016186 0.035420
0 0.732809 0.580651 0.019028 0.040063
0 0.145337 0.969184 0.019515 0.034356
0 0.683867 0.317387 0.018173 0.035633
0 0.256701 0.739035 0.015662 0.034879
0 0.324777 0.699863 0.017437 0.035244
0 0.215184 0.321056 0.018717 0.035035
0 0.357276 0.839218 0.015420 0.028763
0 0.763961 0.010367 0.023776 0.020716
0 0.024430 0.829978 0.017967 0.037311
0 0.657344 0.848026 0.015229 0.032950
0 0.498872 0.479082 0.018277 0.033632
0 0.652341 0.900868 0.018011 0.032306
0 0.861339 0.302868 0.018782 0.032323
0 0.645734 0.741906 0.028096 0.052996
0 0.148794 0.860690 0.018976 0.037796
0 0.577897 0.378308 0.021275 0.040125
0 0.258857 0.075953 0.018109 0.037514
0 0.952698 0.679758 0.015676 0.038723
0 0.631015 0.900166 0.018358 0.036319
0 0.705276 0.898046 0.016874 0.030200
0 0.579665 0.774042 0.024799 0.047666
0 0.989053 0.290364 0.018551 0.038765
0 0.330013 0.211311 0.022229 0.047374
0 0.711738 0.972100 0.023613 0.031939
0 0.769586 0.259906 0.018810 0.034206
0 0.480925 0.645032 0.021289 0.042133
0 0.196351 0.904274 0.028036 0.049921
0 0.266103 0.658794 0.019651 0.036159
0 0.871305 0.270803 0.018632 0.037103
0 0.925822 0.032483 0.023883 0.045531
0 0.936607 0.595827 0.020544 0.037775
0 0.908096 0.179140 0.022202 0.038004
0 0.704810 0.855480 0.020235 0.037994
0 0.631242 0.186642 0.019095 0.035448
0 0.523766 0.177268 0.022280 0.043159
0 0.550330 0.904516 0.024683 0.047585
0 0.675406 0.963860 0.020533 0.039992
0 0.919822 0.867185 0.021988 0.039049
0 0.839776 0.870974 0.021264 0.036320
0 0.826848 0.138395 0.023350 0.046478
0 0.848548 0.792755 0.025568 0.048380
0 0.442926 0.251180 0.032773 0.060465
0 0.767727 0.080197 0.027621 0.054902