0 0.361183 0.256190 0.016224 0.032058
0 0.338444 0.343032 0.035442 0.041083
0 0.346642 0.418389 0.015957 0.027135
0 0.156486 0.096294 0.016419 0.031327
0 0.608045 0.219216 0.020314 0.036881
0 0.545328 0.613979 0.014044 0.024881
0 0.303500 0.486922 0.023332 0.031052
0 0.200676 0.524282 0.017344 0.034467
0 0.389968 0.783795 0.030367 0.037323
0 0.330002 0.788088 0.025462 0.036097
0 0.011616 0.012696 0.015624 0.025178
0 0.141145 0.147696 0.016067 0.031070
0 0.594621 0.940120 0.017837 0.028355
0 0.435089 0.223414 0.015488 0.028965
0 0.661891 0.812465 0.016815 0.029800
0 0.204305 0.250475 0.025724 0.039212
0 0.534826 0.302112 0.022048 0.034353
0 0.191009 0.811207 0.023848 0.048207
0 0.505108 0.846836 0.015302 0.029955
0 0.287528 0.088442 0.021125 0.036871
0 0.299898 0.435595 0.019016 0.035021
0 0.442027 0.405515 0.016925 0.030437
0 0.249197 0.197320 0.020785 0.033000
0 0.294377 0.376505 0.020371 0.031763
0 0.522684 0.516720 0.019091 0.031149
0 0.446737 0.336915 0.021316 0.034517
0 0.544580 0.574291 0.016708 0.025930
0 0.700457 0.830426 0.017876 0.030593
0 0.375272 0.564238 0.023504 0.032331
0 0.114817 0.237292 0.023645 0.034213
0 0.778429 0.831345 0.020002 0.033334
0 0.900802 0.621566 0.019816 0.038257
0 0.681204 0.696535 0.018843 0.031199
0 0.643269 0.617616 0.020459 0.031383
0 0.852983 0.317162 0.021134 0.042494
0 0.458352 0.958597 0.022476 0.023931
0 0.397378 0.914013 0.019805 0.023276
0 0.417295 0.825992 0.016467 0.024259
0 0.293679 0.865822 0.016690 0.031799
0 0.305695 0.897294 0.014910 0.021309
0 0.285779 0.895982 0.019138 0.029177
0 0.297128 0.921225 0.028484 0.031143
0 0.314930 0.936961 0.025814 0.037700
0 0.340076 0.959908 0.017802 0.029177
0 0.278324 0.788456 0.017580 0.024587
0 0.231259 0.832056 0.022253 0.027210