0 0.633148 0.354165 0.023142 0.033715
0 0.816488 0.355464 0.019390 0.030536
0 0.332691 0.833666 0.017550 0.027813
0 0.959376 0.627409 0.017688 0.028068
0 0.672490 0.623627 0.020627 0.031290
0 0.167752 0.301291 0.021679 0.034775
0 0.072388 0.544648 0.015940 0.026303
0 0.799300 0.912496 0.022104 0.029323
0 0.878704 0.492463 0.021429 0.036599
0 0.699677 0.060301 0.022325 0.031198
0 0.080580 0.640954 0.016975 0.027082
0 0.845817 0.136541 0.033373 0.044698
0 0.261460 0.578022 0.020216 0.033456
0 0.532419 0.294898 0.025383 0.036774
0 0.197759 0.845087 0.023121 0.028385
0 0.153315 0.494319 0.024672 0.036177
0 0.944872 0.297860 0.020343 0.033615
0 0.121681 0.412642 0.027634 0.037292
0 0.089961 0.267366 0.025838 0.036851