0 0.611647 0.490009 0.013609 0.016699
0 0.434633 0.663615 0.010276 0.013385
0 0.487436 0.661387 0.009417 0.012820
0 0.536740 0.953221 0.014414 0.018830
0 0.405030 0.744532 0.011373 0.014820
0 0.772886 0.403814 0.011781 0.015367
0 0.473864 0.448165 0.009993 0.013598
0 0.596290 0.460269 0.009623 0.013219
0 0.668972 0.096486 0.012620 0.015823
0 0.424710 0.609418 0.011119 0.013698
0 0.229828 0.992876 0.013428 0.013442
0 0.476415 0.699893 0.011251 0.013348
0 0.549996 0.112181 0.012806 0.017549
0 0.735763 0.523294 0.011091 0.016498
0 0.395048 0.953018 0.012657 0.016858
0 0.813277 0.162484 0.011669 0.017039
0 0.353722 0.214193 0.012419 0.015132
0 0.558303 0.580840 0.011693 0.015194
0 0.231770 0.766019 0.009643 0.015159
0 0.571539 0.618734 0.011356 0.014039
0 0.870666 0.227753 0.013386 0.016807
0 0.702494 0.695529 0.012648 0.021769
0 0.495406 0.722176 0.012489 0.015862
0 0.495610 0.196415 0.013185 0.019713
0 0.369065 0.634448 0.013002 0.015812
0 0.440639 0.763224 0.011311 0.015945
0 0.467054 0.877606 0.016877 0.024767
0 0.651756 0.561681 0.012121 0.017940
0 0.391568 0.838511 0.012272 0.021147
0 0.619104 0.624497 0.016258 0.018900
0 0.546999 0.731984 0.014930 0.019392
0 0.437565 0.820433 0.013183 0.019038
0 0.520819 0.908921 0.016069 0.022543