0 0.837929 0.057213 0.017193 0.027122
0 0.255248 0.968775 0.038146 0.060987
0 0.895455 0.073282 0.020663 0.029273
0 0.122949 0.980662 0.036321 0.037118
0 0.962317 0.678281 0.022537 0.038854
0 0.668840 0.410099 0.018420 0.029127
0 0.987706 0.149319 0.023673 0.041937
0 0.965044 0.725515 0.023920 0.036602
0 0.220224 0.970991 0.051590 0.057251
0 0.872920 0.011382 0.016803 0.022021
0 0.031436 0.712294 0.030321 0.067302
0 0.861883 0.123564 0.025357 0.040482
0 0.591405 0.409982 0.019860 0.030215
0 0.987568 0.543277 0.024609 0.048260
0 0.523830 0.589848 0.023248 0.034272
0 0.632486 0.374011 0.022117 0.033574
0 0.709269 0.702822 0.024680 0.035182
0 0.597904 0.867553 0.026111 0.034864