0 0.878921 0.079272 0.017198 0.027453
0 0.867682 0.179783 0.024713 0.046385
0 0.891796 0.510397 0.013704 0.025913
0 0.904930 0.485240 0.014896 0.023361
0 0.785427 0.057088 0.017233 0.029027
0 0.088634 0.981423 0.018641 0.036939
0 0.879866 0.459526 0.017611 0.031744
0 0.235974 0.949411 0.024343 0.037630
0 0.312960 0.493441 0.019368 0.026695
0 0.251377 0.353048 0.018289 0.028493
0 0.156494 0.229526 0.015289 0.024002
0 0.800214 0.190139 0.024202 0.039237
0 0.499442 0.397207 0.016422 0.031721
0 0.390378 0.414066 0.024825 0.033594
0 0.826396 0.079591 0.020081 0.029816
0 0.071302 0.231916 0.023267 0.047259
0 0.863716 0.636248 0.015812 0.026534
0 0.511503 0.293530 0.030623 0.040836
0 0.470347 0.218967 0.022553 0.033778
0 0.946094 0.491170 0.016747 0.028096
0 0.530552 0.410058 0.020867 0.036539
0 0.718973 0.520844 0.026434 0.047686
0 0.229610 0.503698 0.017211 0.029375
0 0.271752 0.093522 0.018474 0.029528
0 0.415168 0.107673 0.035702 0.039508