0 0.751179 0.283496 0.015718 0.026455
0 0.364745 0.908864 0.013799 0.014484
0 0.305682 0.788293 0.022328 0.016892
0 0.665081 0.653979 0.015770 0.018492
0 0.646817 0.509871 0.016430 0.024655
0 0.835072 0.833479 0.012717 0.014078
0 0.338298 0.858648 0.016399 0.016096
0 0.346803 0.247146 0.040255 0.034701
0 0.648543 0.738663 0.012380 0.012456
0 0.703691 0.576441 0.016185 0.018551
0 0.426852 0.680575 0.014539 0.023114
0 0.396218 0.426730 0.021755 0.024927
0 0.693677 0.504345 0.013982 0.017665
0 0.706336 0.907255 0.021821 0.017158
0 0.571162 0.630633 0.013298 0.017961
0 0.762603 0.678384 0.016824 0.016952
0 0.801553 0.459924 0.016905 0.021781
0 0.362226 0.722546 0.011699 0.016441
0 0.884136 0.919981 0.010977 0.013599
0 0.386740 0.815887 0.020508 0.016252
0 0.541405 0.754569 0.014228 0.013347
0 0.544367 0.385165 0.020127 0.023960
0 0.906947 0.702406 0.015312 0.018290
0 0.439833 0.944797 0.012098 0.013083
0 0.430961 0.818493 0.012012 0.012477
0 0.347919 0.945285 0.012765 0.015747
0 0.530540 0.727163 0.020737 0.019382
0 0.966403 0.094037 0.018756 0.019220
0 0.184335 0.987375 0.012713 0.016503
0 0.565781 0.865408 0.014908 0.015479
0 0.327156 0.894554 0.014373 0.018595
0 0.206348 0.861472 0.011793 0.016264
0 0.688332 0.555881 0.018110 0.021415
0 0.808167 0.788136 0.011734 0.018080
0 0.258150 0.978792 0.013102 0.012732
0 0.471612 0.962988 0.015416 0.012201
0 0.593059 0.748321 0.016633 0.017420
0 0.589645 0.665918 0.017916 0.024146
0 0.387144 0.849075 0.013760 0.014147
0 0.346479 0.811593 0.016678 0.018397
0 0.690149 0.804818 0.014746 0.016110
0 0.540590 0.776984 0.015412 0.015282
0 0.412556 0.837121 0.015272 0.014255
0 0.606841 0.704894 0.017302 0.018601
0 0.421093 0.915965 0.016730 0.015203
0 0.452899 0.803129 0.017349 0.019215
0 0.525831 0.849612 0.019635 0.018763
0 0.622941 0.677088 0.021483 0.021466
0 0.611697 0.806743 0.020783 0.017521
0 0.693270 0.849768 0.025818 0.022148