0 0.034748 0.359623 0.017636 0.028173
0 0.112357 0.271100 0.016889 0.030166
0 0.650454 0.485794 0.018505 0.033454
0 0.268314 0.138522 0.017742 0.031219
0 0.528371 0.140839 0.016959 0.039382
0 0.456012 0.012998 0.023229 0.025216
0 0.104589 0.232751 0.019775 0.031383
0 0.244199 0.188009 0.020958 0.040774
0 0.397909 0.494704 0.019284 0.028798
0 0.700187 0.805410 0.021600 0.039007
0 0.202154 0.645481 0.021602 0.034738
0 0.855876 0.795983 0.023860 0.041037
0 0.707818 0.050583 0.015928 0.026609
0 0.246283 0.358004 0.017379 0.028459
0 0.729426 0.097747 0.016949 0.028835
0 0.187068 0.102443 0.020306 0.034435
0 0.380819 0.223095 0.016219 0.026674
0 0.509959 0.669798 0.019295 0.035336
0 0.356597 0.252700 0.016863 0.026426
0 0.259535 0.094609 0.018887 0.030615
0 0.359702 0.450601 0.020583 0.030623
0 0.793376 0.491708 0.021815 0.043481
0 0.635712 0.380266 0.023432 0.043992
0 0.489439 0.767742 0.020604 0.033067
0 0.395866 0.529775 0.031810 0.040330
0 0.392462 0.345056 0.021423 0.035321