0 0.261345 0.743196 0.021894 0.028818
0 0.107588 0.526307 0.018130 0.037620
0 0.163042 0.399444 0.016658 0.029172
0 0.585789 0.895061 0.024182 0.039656
0 0.078392 0.434751 0.018493 0.031458
0 0.768163 0.040207 0.021075 0.036924
0 0.271558 0.833964 0.022589 0.031845
0 0.472515 0.032814 0.019891 0.028904
0 0.201896 0.855264 0.025142 0.033638
0 0.502642 0.269692 0.021621 0.034876
0 0.056097 0.545160 0.026532 0.047742
0 0.013857 0.541157 0.027423 0.045827
0 0.221608 0.398451 0.025688 0.039878
0 0.391290 0.779217 0.022260 0.035153
0 0.683926 0.270310 0.029778 0.040705
0 0.664424 0.936519 0.034267 0.044504
0 0.686158 0.807380 0.033718 0.045521
0 0.753100 0.645106 0.034884 0.044799