0 0.150311 0.056949 0.019058 0.035370
0 0.845201 0.509625 0.024838 0.048852
0 0.174915 0.056090 0.018933 0.032656
0 0.547874 0.727501 0.030979 0.077925
0 0.417392 0.463798 0.019432 0.034639
0 0.279207 0.129828 0.027160 0.044874
0 0.705828 0.163171 0.039093 0.057917
0 0.053552 0.580482 0.015751 0.037581
0 0.383721 0.157152 0.021652 0.037342
0 0.929235 0.363328 0.029099 0.059153
0 0.596526 0.446308 0.027474 0.061792
0 0.090722 0.362629 0.022524 0.042294
0 0.543832 0.061576 0.022280 0.038604
0 0.229179 0.025149 0.030009 0.041140
0 0.043536 0.637483 0.020759 0.047871
0 0.578802 0.382408 0.027026 0.047608
0 0.127055 0.709867 0.022895 0.039838
0 0.409420 0.072292 0.035206 0.049284
0 0.290621 0.249388 0.020906 0.046208
0 0.101266 0.709045 0.027205 0.046405
0 0.666998 0.045551 0.037511 0.084833
0 0.344053 0.470960 0.022913 0.042703
0 0.193746 0.675294 0.025277 0.049317
0 0.268695 0.327692 0.021876 0.043965
0 0.676916 0.341002 0.038721 0.073093
0 0.139429 0.621435 0.026874 0.044673
0 0.255297 0.420427 0.027907 0.045870
0 0.246501 0.624353 0.025113 0.048720