0 0.902670 0.643945 0.016353 0.021476
0 0.290129 0.691886 0.028601 0.036474
0 0.959269 0.840436 0.019271 0.027208
0 0.028916 0.262560 0.015850 0.019652
0 0.957428 0.444212 0.024395 0.028813
0 0.738077 0.543861 0.014216 0.017850
0 0.673556 0.301299 0.026577 0.019839
0 0.627814 0.314820 0.019930 0.024364
0 0.140177 0.766822 0.032056 0.030902
0 0.639126 0.263259 0.015403 0.017757
0 0.019943 0.697689 0.013408 0.016285
0 0.578815 0.708859 0.015667 0.020648
0 0.185618 0.523459 0.017378 0.020222
0 0.917991 0.525873 0.013204 0.018215
0 0.639339 0.558248 0.017581 0.018557
0 0.512162 0.557297 0.017881 0.017636
0 0.568655 0.240195 0.014857 0.017859
0 0.765800 0.279748 0.015329 0.018288
0 0.223525 0.746204 0.011927 0.015407
0 0.165100 0.710179 0.014002 0.018910
0 0.993207 0.700480 0.010660 0.020867
0 0.257857 0.701813 0.014988 0.017187
0 0.466049 0.523166 0.013705 0.017529
0 0.330081 0.904769 0.014743 0.017448
0 0.060887 0.648432 0.015611 0.019687
0 0.905145 0.373939 0.012453 0.017449
0 0.162419 0.635763 0.014542 0.022867
0 0.861132 0.529006 0.016232 0.020848
0 0.904059 0.300587 0.018377 0.020987
0 0.508040 0.395970 0.018151 0.024475
0 0.912180 0.858578 0.013782 0.018643
0 0.301297 0.610010 0.016813 0.018640
0 0.471573 0.916145 0.021682 0.023616
0 0.367007 0.533451 0.016063 0.020477
0 0.109114 0.637378 0.019324 0.025439
0 0.280281 0.370646 0.020424 0.024373
0 0.379187 0.294938 0.032205 0.029554
0 0.133411 0.558243 0.029838 0.030179
0 0.678669 0.818979 0.020210 0.028167
0 0.152741 0.303519 0.030863 0.039641
0 0.807660 0.737015 0.023555 0.026717
0 0.705808 0.883043 0.023008 0.029392