0 0.576665 0.792477 0.017984 0.036346
0 0.824296 0.830277 0.019372 0.039730
0 0.507697 0.209052 0.013785 0.025615
0 0.446274 0.727462 0.015277 0.025399
0 0.414852 0.396068 0.017170 0.024796
0 0.041618 0.724531 0.014576 0.023409
0 0.369725 0.429896 0.018221 0.031830
0 0.184482 0.183120 0.012324 0.023581
0 0.235451 0.978531 0.012225 0.024874
0 0.039805 0.110153 0.014146 0.022213
0 0.323516 0.461457 0.016683 0.024659
0 0.478858 0.490157 0.017964 0.027489
0 0.872362 0.768893 0.019022 0.039075
0 0.173364 0.046474 0.019243 0.025941
0 0.019987 0.080370 0.013721 0.024780
0 0.239440 0.238557 0.016036 0.025118
0 0.101848 0.072703 0.016822 0.031052
0 0.387852 0.562652 0.018368 0.030356
0 0.023488 0.438352 0.020728 0.032512