0 0.903325 0.289958 0.014556 0.018000
0 0.645798 0.021017 0.012867 0.016293
0 0.657681 0.723620 0.017822 0.022575
0 0.475047 0.323380 0.014099 0.017258
0 0.993668 0.096542 0.012613 0.021767
0 0.336900 0.112597 0.016937 0.018735
0 0.390614 0.036837 0.013694 0.018539
0 0.776492 0.664561 0.014807 0.019654
0 0.684730 0.256787 0.014980 0.016851
0 0.574916 0.866893 0.017016 0.022443
0 0.610534 0.075967 0.014352 0.017543
0 0.517108 0.125458 0.017377 0.020134
0 0.389885 0.220091 0.012769 0.016453
0 0.335263 0.005619 0.024877 0.011166
0 0.368187 0.466594 0.014005 0.018038
0 0.933451 0.014382 0.012818 0.014735
0 0.529814 0.108615 0.017072 0.023049
0 0.709126 0.126384 0.013426 0.019855
0 0.925823 0.160120 0.018157 0.027549
0 0.804880 0.119141 0.015119 0.017284
0 0.480043 0.185965 0.013468 0.017010
0 0.292283 0.111568 0.014809 0.016738
0 0.619398 0.316918 0.014790 0.018640
0 0.591807 0.120261 0.015208 0.025925
0 0.658103 0.253748 0.014416 0.018957
0 0.632389 0.042683 0.014786 0.020787
0 0.243499 0.022700 0.015762 0.020118
0 0.709854 0.367117 0.017787 0.019962
0 0.571558 0.347072 0.014580 0.019935
0 0.921446 0.228919 0.019939 0.025665
0 0.888152 0.100209 0.018925 0.026963
0 0.822187 0.072933 0.015677 0.019430
0 0.247385 0.137835 0.017254 0.019020
0 0.540198 0.342503 0.018352 0.020973
0 0.925372 0.470237 0.018295 0.024727
0 0.840113 0.369324 0.016454 0.023950
0 0.442541 0.278531 0.012761 0.023682
0 0.660330 0.205173 0.017089 0.020501
0 0.865952 0.077479 0.016088 0.020189
0 0.992094 0.048935 0.015548 0.021578
0 0.707714 0.039668 0.017115 0.025299
0 0.777126 0.055265 0.020938 0.025229
0 0.391151 0.749041 0.031354 0.039098