0 0.338023 0.337209 0.011811 0.023118
0 0.427632 0.140907 0.013146 0.022516
0 0.301298 0.184934 0.013909 0.030312
0 0.513661 0.065623 0.018007 0.027331
0 0.376455 0.169114 0.015360 0.027964
0 0.290693 0.593070 0.013556 0.026623
0 0.178478 0.720102 0.014072 0.025914
0 0.329947 0.364572 0.018739 0.026650
0 0.342034 0.740891 0.031488 0.037554
0 0.266595 0.541631 0.013122 0.016558
0 0.284521 0.445183 0.011013 0.025664
0 0.296589 0.387024 0.010779 0.026906
0 0.236133 0.479126 0.008436 0.017386
0 0.437182 0.328895 0.009300 0.016861
0 0.387500 0.220162 0.012726 0.017294