0 0.078054 0.505205 0.015011 0.020397
0 0.101354 0.345452 0.013214 0.024749
0 0.528802 0.804189 0.017513 0.021497
0 0.688119 0.319655 0.016183 0.031728
0 0.048795 0.964610 0.028618 0.062619
0 0.180782 0.307113 0.015976 0.025240
0 0.955754 0.585214 0.013412 0.019705
0 0.920854 0.439438 0.012856 0.019478
0 0.676258 0.682204 0.016738 0.025299
0 0.031541 0.355544 0.019355 0.030920
0 0.953235 0.249250 0.012856 0.019635
0 0.928704 0.387868 0.012047 0.020801
0 0.597410 0.448038 0.014743 0.022264
0 0.356069 0.443494 0.015344 0.020140
0 0.008684 0.476161 0.014991 0.021861
0 0.926638 0.282794 0.015971 0.023532
0 0.029182 0.771705 0.014504 0.020612
0 0.891987 0.245995 0.016087 0.022715
0 0.443254 0.946344 0.021455 0.023615
0 0.910980 0.697833 0.022553 0.029142
0 0.661455 0.429490 0.016086 0.024637
0 0.964828 0.480060 0.013649 0.020792
0 0.933985 0.503842 0.017268 0.024958
0 0.097939 0.711386 0.017483 0.022243
0 0.241075 0.566408 0.018984 0.024508
0 0.810252 0.251487 0.023471 0.039132