0 0.254984 0.592675 0.013698 0.024558
0 0.082301 0.484451 0.013685 0.025906
0 0.804681 0.971098 0.012847 0.028414
0 0.208880 0.473266 0.017764 0.038220
0 0.435327 0.902152 0.021572 0.043405
0 0.691343 0.785495 0.013678 0.030772
0 0.406470 0.809649 0.017397 0.032059
0 0.443174 0.614709 0.015306 0.031960
0 0.814912 0.985620 0.014349 0.026907
0 0.356600 0.534054 0.015252 0.030061
0 0.339322 0.507630 0.014574 0.028522
0 0.353181 0.682753 0.016800 0.036021
0 0.006146 0.844827 0.012292 0.054590
0 0.601546 0.940204 0.016503 0.033221
0 0.227272 0.857966 0.017815 0.042480
0 0.330065 0.596170 0.015156 0.031693
0 0.964038 0.686616 0.020786 0.046646
0 0.782527 0.849289 0.014018 0.027858
0 0.774451 0.428034 0.017224 0.028788
0 0.991823 0.454364 0.016299 0.042519
0 0.591950 0.987717 0.017396 0.023842
0 0.285908 0.936750 0.018839 0.036831
0 0.743527 0.824260 0.014010 0.031654
0 0.443992 0.010981 0.019190 0.021962
0 0.130064 0.780120 0.021355 0.043642
0 0.746352 0.866708 0.017030 0.033943
0 0.119833 0.159382 0.021504 0.041063
0 0.719038 0.060333 0.024603 0.045507
0 0.561256 0.495192 0.017391 0.034157
0 0.571288 0.455136 0.017672 0.033463
0 0.863535 0.052293 0.020986 0.040708
0 0.819339 0.281050 0.020444 0.039622
0 0.547697 0.432469 0.017392 0.033597
0 0.462282 0.404378 0.019125 0.039893
0 0.690791 0.392997 0.021595 0.042086
0 0.392194 0.391952 0.025790 0.058792