0 0.169237 0.542859 0.023789 0.047358
0 0.696013 0.250360 0.012684 0.028421
0 0.150477 0.551717 0.013883 0.027802
0 0.021148 0.925152 0.015990 0.030502
0 0.682262 0.740613 0.015272 0.029803
0 0.535836 0.203617 0.017661 0.034322
0 0.435695 0.531263 0.014329 0.028137
0 0.217921 0.385185 0.014027 0.033089
0 0.287940 0.583565 0.014091 0.031709
0 0.584720 0.177357 0.015667 0.034022
0 0.703120 0.070040 0.013864 0.031823
0 0.338063 0.098645 0.019842 0.036235
0 0.335955 0.328778 0.015939 0.038326
0 0.047690 0.281830 0.013455 0.027894
0 0.084020 0.350231 0.015095 0.027380
0 0.552376 0.704377 0.015381 0.032232
0 0.655287 0.150061 0.015028 0.031825
0 0.831336 0.547438 0.018102 0.028944
0 0.778534 0.597322 0.015208 0.030015
0 0.828802 0.422597 0.016864 0.034388
0 0.792544 0.505067 0.028701 0.038149