0 0.639624 0.403203 0.026726 0.051538
0 0.295536 0.921606 0.022851 0.058883
0 0.385272 0.907765 0.059320 0.052972
0 0.639156 0.223499 0.022966 0.050927
0 0.468911 0.021031 0.029900 0.042063
0 0.344132 0.975792 0.031556 0.048275
0 0.507482 0.672626 0.030563 0.073078
0 0.530129 0.522578 0.024536 0.066316
0 0.630176 0.888000 0.043691 0.058787
0 0.984170 0.950876 0.030940 0.068785
0 0.610868 0.807806 0.051175 0.084873
0 0.526738 0.581838 0.028005 0.061941
0 0.338110 0.168228 0.082292 0.069936
0 0.340639 0.380370 0.038204 0.076461
0 0.903595 0.952491 0.074442 0.093350
0 0.410237 0.944216 0.059796 0.100164
0 0.250331 0.717859 0.071565 0.085048
0 0.525895 0.954156 0.030546 0.090679
0 0.118940 0.975909 0.049789 0.048001
0 0.723272 0.836360 0.058855 0.110351
0 0.499341 0.723744 0.047463 0.063927
0 0.904423 0.872146 0.045485 0.086758
0 0.308171 0.848744 0.038234 0.076484
0 0.401119 0.847032 0.048781 0.082192
0 0.315752 0.769977 0.027027 0.049087
0 0.395516 0.744863 0.040212 0.060502
0 0.079426 0.789954 0.040871 0.047945
0 0.099862 0.848744 0.029005 0.046804
0 0.087337 0.936644 0.038234 0.060502
0 0.388924 0.425228 0.033620 0.065068
0 0.425839 0.204909 0.052077 0.076484
0 0.471984 0.260274 0.054714 0.077626
0 0.626897 0.703767 0.078446 0.090183