0 0.446559 0.939755 0.011483 0.018672
0 0.772055 0.132874 0.012333 0.018245
0 0.403918 0.618517 0.011507 0.017536
0 0.235180 0.778260 0.010403 0.015701
0 0.625774 0.256705 0.011469 0.017129
0 0.488342 0.503379 0.011750 0.016342
0 0.397308 0.747293 0.012326 0.018735
0 0.746672 0.089433 0.012201 0.017250
0 0.286293 0.738405 0.012134 0.016446
0 0.645298 0.108616 0.012725 0.017703
0 0.198944 0.806864 0.013255 0.019512
0 0.828231 0.099351 0.011155 0.014532
0 0.216708 0.922738 0.013535 0.021323
0 0.245471 0.886794 0.011795 0.019398
0 0.744923 0.862895 0.013284 0.017922
0 0.744094 0.250120 0.013862 0.019004
0 0.660876 0.384674 0.013706 0.016373
0 0.494616 0.616241 0.013044 0.016940
0 0.651018 0.443496 0.014291 0.015887
0 0.548188 0.706786 0.012747 0.018443
0 0.645687 0.819135 0.014620 0.018552