0 0.317130 0.331692 0.018502 0.037161
0 0.457699 0.700148 0.016034 0.030076
0 0.964380 0.578171 0.060206 0.111025
0 0.655483 0.240945 0.014981 0.031192
0 0.097141 0.770938 0.021429 0.027238
0 0.961181 0.078783 0.036652 0.062237
0 0.139906 0.889668 0.030894 0.040027
0 0.184695 0.319219 0.014964 0.030925
0 0.528755 0.295882 0.012454 0.025394
0 0.277011 0.126654 0.014261 0.029308
0 0.609922 0.015502 0.017231 0.025816
0 0.761482 0.668865 0.019808 0.033730
0 0.440046 0.459503 0.016480 0.031405
0 0.663789 0.147871 0.014127 0.028626
0 0.032498 0.026668 0.015316 0.030068
0 0.294987 0.010504 0.017700 0.021008
0 0.404058 0.509387 0.022205 0.031817
0 0.629427 0.129901 0.014331 0.028352
0 0.569075 0.321271 0.017986 0.030954
0 0.451501 0.231576 0.022393 0.036122
0 0.198181 0.857877 0.020496 0.042237
0 0.857357 0.549658 0.045620 0.055936
0 0.832894 0.928653 0.031074 0.049087