0 0.066420 0.236753 0.019716 0.039112
0 0.424289 0.168843 0.023076 0.030510
0 0.122889 0.887405 0.036736 0.051812
0 0.096091 0.755101 0.034939 0.057746
0 0.120153 0.243272 0.019300 0.029720
0 0.173546 0.243443 0.012435 0.042950
0 0.889528 0.493249 0.020356 0.035145
0 0.065161 0.479227 0.017891 0.042339
0 0.034793 0.929880 0.034436 0.058250
0 0.064179 0.548587 0.018751 0.035662
0 0.096568 0.529986 0.020921 0.028505
0 0.516023 0.213372 0.024684 0.051316
0 0.076721 0.331586 0.016741 0.029740
0 0.872093 0.442012 0.020575 0.031462
0 0.139588 0.342619 0.019101 0.042004
0 0.842530 0.174322 0.021397 0.033182
0 0.218485 0.187180 0.016694 0.034845
0 0.056646 0.074692 0.019899 0.033122
0 0.115097 0.339320 0.018903 0.036355
0 0.008544 0.190957 0.017088 0.036035
0 0.271029 0.140298 0.022047 0.044109
0 0.976541 0.448395 0.025770 0.038256
0 0.237153 0.221540 0.021291 0.053341
0 0.055505 0.109886 0.024457 0.035851
0 0.059549 0.432432 0.031878 0.051667
0 0.629133 0.097476 0.022797 0.041247
0 0.083784 0.091813 0.023176 0.043574
0 0.182589 0.105464 0.018245 0.039675
0 0.071721 0.011947 0.033719 0.023893
0 0.206768 0.216172 0.017758 0.036215
0 0.783018 0.160681 0.037359 0.043306
0 0.585626 0.700247 0.021549 0.037684
0 0.389786 0.322555 0.049441 0.039000
0 0.529358 0.142116 0.038328 0.050547
0 0.525362 0.344302 0.057702 0.051273
0 0.199202 0.158632 0.027216 0.035718
0 0.051761 0.695996 0.036070 0.037986
0 0.014544 0.700815 0.023281 0.044222
0 0.066681 0.640152 0.025905 0.044222
0 0.089143 0.625127 0.034102 0.056128