0 0.525527 0.487450 0.016305 0.023595
0 0.841579 0.057997 0.015429 0.018415
0 0.295284 0.203809 0.019694 0.024771
0 0.805669 0.106638 0.014637 0.016700
0 0.847089 0.113372 0.018084 0.023630
0 0.733120 0.017590 0.011002 0.014026
0 0.336821 0.255465 0.037062 0.034932
0 0.860356 0.258919 0.020577 0.018958
0 0.897443 0.238227 0.013507 0.016563
0 0.814773 0.158292 0.013419 0.014943
0 0.532107 0.022169 0.016465 0.016731
0 0.621063 0.797566 0.013629 0.016479
0 0.867005 0.066988 0.015990 0.019740
0 0.768297 0.136196 0.013042 0.018489
0 0.832469 0.271903 0.014524 0.018676
0 0.871528 0.032186 0.017853 0.019420
0 0.917189 0.346451 0.014917 0.018734
0 0.712137 0.044402 0.014188 0.016889
0 0.051190 0.831720 0.019220 0.031574
0 0.683157 0.012030 0.017652 0.022791
0 0.501658 0.701338 0.015774 0.022556
0 0.886272 0.367994 0.021343 0.018004
0 0.476300 0.481146 0.023538 0.020848
0 0.944095 0.451813 0.018363 0.026784
0 0.237253 0.926419 0.020161 0.028188
0 0.726910 0.609515 0.021527 0.026327
0 0.431085 0.431394 0.022822 0.028384
0 0.931041 0.640712 0.035101 0.033363
0 0.666904 0.705042 0.026594 0.031390