0 0.690092 0.162022 0.022232 0.033649
0 0.937782 0.182860 0.021869 0.030300
0 0.701539 0.810194 0.016305 0.027902
0 0.504213 0.198058 0.017349 0.027696
0 0.575335 0.041006 0.015743 0.022860
0 0.290569 0.441567 0.020578 0.036529
0 0.979306 0.123340 0.018980 0.028830
0 0.963446 0.025876 0.019687 0.027653
0 0.641016 0.893923 0.034615 0.065236
0 0.744209 0.984767 0.018945 0.023274
0 0.851954 0.783803 0.018639 0.029122
0 0.726428 0.136939 0.015366 0.023041
0 0.686582 0.783511 0.017904 0.024413
0 0.597772 0.239978 0.018804 0.028140
0 0.718419 0.064347 0.017434 0.031561
0 0.736331 0.836698 0.020135 0.025974
0 0.559349 0.016567 0.021173 0.031511
0 0.752721 0.097458 0.014957 0.025014
0 0.775291 0.849641 0.018460 0.026858
0 0.984472 0.187705 0.015962 0.024867
0 0.826586 0.807248 0.026632 0.042770
0 0.751964 0.021942 0.016202 0.025076
0 0.969281 0.364023 0.016071 0.026282
0 0.712120 0.618928 0.018925 0.031618
0 0.739530 0.214898 0.017598 0.026409