0 0.891506 0.511516 0.019385 0.030206
0 0.875728 0.735814 0.021710 0.020907
0 0.156056 0.656810 0.031865 0.033260
0 0.466327 0.427293 0.015522 0.021273
0 0.066332 0.159293 0.015468 0.024363
0 0.633098 0.702094 0.014523 0.019127
0 0.409321 0.590858 0.013191 0.020211
0 0.638588 0.555428 0.013971 0.024384
0 0.480182 0.942802 0.017100 0.023338
0 0.593149 0.765878 0.021031 0.024193
0 0.333750 0.167399 0.015883 0.024199
0 0.477812 0.393575 0.016101 0.022420
0 0.422993 0.367035 0.020432 0.030839
0 0.654039 0.779869 0.014279 0.019939
0 0.632819 0.430468 0.014351 0.021572
0 0.290210 0.031980 0.013972 0.021023
0 0.765224 0.412210 0.017994 0.025633
0 0.445951 0.394970 0.014538 0.022267
0 0.248756 0.063477 0.013927 0.020088
0 0.693230 0.247628 0.016597 0.022747
0 0.604698 0.367579 0.014657 0.021416
0 0.626205 0.259831 0.013437 0.020027
0 0.588609 0.328365 0.013224 0.020703
0 0.936725 0.033674 0.015340 0.020969
0 0.319662 0.396968 0.025708 0.029759
0 0.804150 0.529992 0.019855 0.025145
0 0.977859 0.398669 0.012947 0.021779
0 0.598685 0.714258 0.015791 0.023028
0 0.596929 0.641186 0.016781 0.024099