0 0.052047 0.404441 0.013078 0.016963
0 0.758514 0.582898 0.014130 0.018221
0 0.905757 0.315976 0.013738 0.022262
0 0.365789 0.475404 0.013777 0.019086
0 0.097305 0.189128 0.011938 0.018819
0 0.020932 0.393854 0.013291 0.018307
0 0.056731 0.328089 0.013262 0.019310
0 0.284799 0.385932 0.014061 0.018826
0 0.257166 0.342570 0.012179 0.017880
0 0.054267 0.152784 0.012401 0.018583
0 0.243373 0.146818 0.011583 0.018654
0 0.017730 0.245684 0.012474 0.018535
0 0.465857 0.083682 0.017555 0.027263
0 0.158797 0.424984 0.011697 0.017696
0 0.555821 0.506995 0.013799 0.021232
0 0.281883 0.024350 0.011874 0.017421
0 0.033561 0.175588 0.010258 0.016993
0 0.311974 0.330767 0.011883 0.017405
0 0.735035 0.380980 0.012074 0.017862
0 0.432906 0.325174 0.013855 0.019780
0 0.426452 0.193605 0.012528 0.017553
0 0.761299 0.484115 0.013766 0.020088
0 0.686839 0.231628 0.013214 0.018618
0 0.637083 0.238021 0.012096 0.020528
0 0.785497 0.343361 0.015215 0.022031
0 0.603367 0.113992 0.011728 0.016445
0 0.749028 0.247586 0.016468 0.026862
0 0.836167 0.230050 0.015359 0.020261
0 0.528945 0.168575 0.011483 0.019663
0 0.591521 0.316547 0.016944 0.022355
0 0.526311 0.107267 0.013655 0.021598