0 0.139304 0.517069 0.011615 0.017670
0 0.885608 0.292373 0.012817 0.022976
0 0.144098 0.132736 0.010766 0.021592
0 0.096325 0.220368 0.011435 0.021049
0 0.714413 0.536040 0.014324 0.025487
0 0.276831 0.327736 0.011041 0.021530
0 0.273301 0.235670 0.011307 0.020946
0 0.020912 0.134338 0.009968 0.018663
0 0.109609 0.286121 0.009609 0.018501
0 0.957707 0.890890 0.020413 0.031890
0 0.060235 0.578279 0.012457 0.021999
0 0.008487 0.158988 0.011123 0.018872
0 0.228808 0.039387 0.011745 0.024234
0 0.031795 0.164489 0.011302 0.018494
0 0.229723 0.265003 0.013084 0.022708
0 0.119204 0.220923 0.014139 0.022380
0 0.168697 0.437362 0.013759 0.023284
0 0.180368 0.276362 0.015189 0.029879
0 0.192579 0.559613 0.014095 0.025011
0 0.249618 0.586512 0.011290 0.023732
0 0.172062 0.327525 0.014780 0.025631
0 0.518706 0.175012 0.025111 0.041891