0 0.468192 0.304442 0.022314 0.034354
0 0.517785 0.588756 0.019388 0.032135
0 0.970655 0.073786 0.021493 0.035699
0 0.612512 0.271812 0.022381 0.033082
0 0.377643 0.150213 0.016407 0.026343
0 0.026446 0.433509 0.022087 0.045171
0 0.983556 0.232625 0.020268 0.043979
0 0.615711 0.152093 0.021096 0.029477
0 0.271057 0.829715 0.034924 0.054257
0 0.604098 0.580874 0.017538 0.034660
0 0.598722 0.634003 0.018870 0.026815
0 0.759811 0.121781 0.015770 0.027068
0 0.551268 0.357382 0.021051 0.033182
0 0.276131 0.319434 0.015650 0.029127
0 0.431538 0.847901 0.029337 0.052089
0 0.496076 0.055625 0.021677 0.033940
0 0.309213 0.243587 0.018001 0.030335
0 0.249603 0.783428 0.030074 0.057641
0 0.352444 0.737962 0.026973 0.057812
0 0.891957 0.183444 0.015348 0.028946
0 0.220590 0.658088 0.042585 0.061869
0 0.659657 0.633054 0.021964 0.031552
0 0.529637 0.075391 0.019879 0.031710
0 0.228408 0.835870 0.026904 0.064999
0 0.559965 0.024251 0.021377 0.037892
0 0.373114 0.097142 0.020880 0.034616
0 0.989135 0.679284 0.021730 0.046894
0 0.598878 0.089101 0.017146 0.029987
0 0.105339 0.021606 0.018837 0.032417
0 0.793493 0.534798 0.019228 0.030584
0 0.477254 0.016088 0.029783 0.032176
0 0.973886 0.768413 0.035573 0.070888
0 0.105891 0.457422 0.026365 0.044211
0 0.426382 0.252946 0.030167 0.053442
0 0.205781 0.412731 0.039728 0.051906