0 0.343343 0.233061 0.017029 0.027518
0 0.296259 0.308619 0.014613 0.024571
0 0.925057 0.024897 0.013931 0.023160
0 0.609037 0.194863 0.020371 0.026806
0 0.396654 0.303781 0.017800 0.032818
0 0.347014 0.553342 0.017052 0.023749
0 0.629096 0.121924 0.018189 0.025752
0 0.117962 0.658881 0.017245 0.025346
0 0.716753 0.169539 0.017156 0.025288
0 0.860578 0.118109 0.016364 0.023217
0 0.453059 0.320993 0.018876 0.040137
0 0.824438 0.140734 0.018180 0.024188
0 0.220516 0.643966 0.018080 0.025084
0 0.894095 0.336818 0.023843 0.028831
0 0.929778 0.278711 0.016253 0.024811
0 0.268645 0.567447 0.025546 0.035258
0 0.885368 0.762113 0.021344 0.032118
0 0.686822 0.622945 0.022017 0.032798
0 0.613383 0.392630 0.025994 0.041761