0 0.666258 0.457858 0.015688 0.024721
0 0.654156 0.835599 0.016835 0.022920
0 0.104278 0.458070 0.014958 0.020070
0 0.017983 0.608599 0.014104 0.017893
0 0.568667 0.764984 0.013389 0.019890
0 0.493981 0.634557 0.012235 0.017010
0 0.285184 0.744812 0.015817 0.027966
0 0.592974 0.985062 0.015502 0.029080
0 0.375922 0.348736 0.019529 0.026764
0 0.465245 0.696538 0.014873 0.018934
0 0.074075 0.760249 0.017371 0.018929
0 0.476303 0.564392 0.014177 0.020714
0 0.440339 0.275577 0.015554 0.023288
0 0.634871 0.156840 0.015919 0.024439
0 0.230837 0.601426 0.018900 0.023304
0 0.503455 0.913906 0.018688 0.034640
0 0.612178 0.324057 0.021367 0.027070
0 0.590223 0.566085 0.017749 0.024130
0 0.221023 0.833597 0.017087 0.022768
0 0.238932 0.691167 0.019141 0.021641
0 0.511334 0.869432 0.020092 0.027338