0 0.276145 0.449962 0.019460 0.026625
0 0.487586 0.972101 0.017137 0.027508
0 0.144896 0.619573 0.017156 0.022170
0 0.377910 0.397905 0.020254 0.031413
0 0.454422 0.442796 0.028512 0.047161
0 0.761759 0.518334 0.020007 0.027772
0 0.353774 0.425590 0.020256 0.033828
0 0.263813 0.565946 0.022908 0.039812
0 0.137830 0.418564 0.016741 0.023228
0 0.070330 0.843146 0.016717 0.021477
0 0.092563 0.377587 0.017088 0.024016
0 0.131378 0.970249 0.014884 0.019089
0 0.158863 0.562181 0.020452 0.033840
0 0.183378 0.699960 0.016767 0.028061
0 0.498360 0.141318 0.029659 0.036934
0 0.604861 0.364754 0.030009 0.037521
0 0.489042 0.294767 0.027187 0.043166
0 0.288900 0.986018 0.021604 0.026947
0 0.528773 0.433716 0.023015 0.045930
0 0.372084 0.875928 0.020255 0.028627
0 0.166479 0.265150 0.024469 0.025815
0 0.201134 0.298326 0.018476 0.026665
0 0.409383 0.348185 0.020286 0.035950
0 0.194635 0.656495 0.019179 0.021285
0 0.473553 0.019227 0.021621 0.026437
0 0.165554 0.983583 0.017005 0.021032
0 0.106079 0.937746 0.017250 0.019291
0 0.327891 0.942219 0.025437 0.032253
0 0.790280 0.897962 0.024055 0.043921
0 0.377286 0.305093 0.026757 0.030464
0 0.363489 0.214329 0.025616 0.034504
0 0.056058 0.984669 0.016442 0.023625
0 0.124127 0.840934 0.017504 0.021152
0 0.188938 0.521517 0.018364 0.026861
0 0.011768 0.795809 0.015515 0.020378
0 0.111126 0.654726 0.017956 0.022015
0 0.290841 0.919307 0.018701 0.025219
0 0.009650 0.957585 0.017681 0.027828
0 0.055796 0.608098 0.019180 0.022469
0 0.288746 0.638844 0.021385 0.031002
0 0.464128 0.793445 0.033491 0.037498
0 0.167891 0.834034 0.016040 0.022367
0 0.361994 0.564092 0.022740 0.040424
0 0.729674 0.504882 0.024010 0.030635
0 0.528220 0.591518 0.019751 0.041047
0 0.270349 0.145594 0.024924 0.032221
0 0.832229 0.696306 0.029625 0.035983