0 0.559799 0.202445 0.012026 0.022360
0 0.248644 0.626869 0.013171 0.019468
0 0.768620 0.531356 0.020085 0.025460
0 0.957860 0.211045 0.012873 0.017635
0 0.838082 0.738600 0.014534 0.020243
0 0.519965 0.307491 0.013389 0.019342
0 0.722601 0.515656 0.013405 0.019102
0 0.697334 0.471459 0.014303 0.020038
0 0.721132 0.053665 0.013316 0.020051
0 0.642382 0.443281 0.013353 0.020221
0 0.829967 0.774909 0.013999 0.023007
0 0.137208 0.325824 0.012414 0.018457
0 0.811620 0.248475 0.013663 0.019769
0 0.297006 0.814881 0.014207 0.024165
0 0.246183 0.284626 0.011926 0.020574
0 0.670339 0.064170 0.015120 0.021221
0 0.921162 0.683027 0.011859 0.018285
0 0.334138 0.787679 0.014287 0.021246
0 0.016052 0.108810 0.011402 0.022884
0 0.378596 0.073288 0.014613 0.017796
0 0.071047 0.461051 0.011389 0.018299
0 0.507451 0.527129 0.019507 0.024330
0 0.464734 0.130558 0.012828 0.020008
0 0.871983 0.231900 0.015770 0.024623
0 0.898900 0.279111 0.018628 0.022213
0 0.056993 0.122756 0.012226 0.019779
0 0.346259 0.071691 0.013291 0.018326
0 0.638492 0.515701 0.016454 0.032377
0 0.045716 0.536341 0.016774 0.023417
0 0.268980 0.043251 0.014229 0.020314
0 0.729050 0.421689 0.015184 0.024621
0 0.568108 0.405783 0.013697 0.022292
0 0.645232 0.629163 0.015410 0.021426
0 0.242313 0.218168 0.019204 0.027396
0 0.777735 0.479543 0.015252 0.022274
0 0.629532 0.056237 0.017314 0.024507
0 0.426670 0.744985 0.022580 0.028204
0 0.408676 0.579711 0.014463 0.022339
0 0.924981 0.599715 0.015399 0.021387
0 0.146585 0.175857 0.014382 0.022990
0 0.415821 0.256335 0.014079 0.022499
0 0.040802 0.462080 0.011899 0.018948
0 0.978710 0.605368 0.018359 0.021473
0 0.166428 0.086962 0.013472 0.020833
0 0.275613 0.271005 0.013557 0.021230
0 0.756736 0.808809 0.019172 0.024671
0 0.872184 0.687465 0.017447 0.024315
0 0.007248 0.311406 0.012699 0.022951
0 0.618669 0.310696 0.016609 0.023898
0 0.984743 0.749467 0.024276 0.036441
0 0.283211 0.305268 0.013948 0.022978
0 0.200365 0.084259 0.016603 0.025578
0 0.443880 0.880958 0.019373 0.031623
0 0.700992 0.844630 0.014089 0.023539
0 0.818394 0.952787 0.020308 0.028617
0 0.326788 0.641496 0.015664 0.027152
0 0.624416 0.924827 0.015785 0.026421
0 0.097612 0.378356 0.017703 0.027225
0 0.633307 0.691796 0.016452 0.026758
0 0.600924 0.676461 0.018675 0.025439