0 0.725753 0.428045 0.027121 0.032807
0 0.609813 0.572429 0.021260 0.028820
0 0.929933 0.288801 0.019784 0.024181
0 0.642986 0.621975 0.020120 0.023352
0 0.968211 0.759517 0.017864 0.026123
0 0.699724 0.084845 0.021331 0.029026
0 0.935721 0.438594 0.013715 0.021236
0 0.545089 0.943284 0.018686 0.023594
0 0.986397 0.500662 0.014893 0.020001
0 0.742844 0.496975 0.023016 0.024513
0 0.597194 0.894821 0.016746 0.028232
0 0.579457 0.648566 0.015885 0.022480
0 0.500914 0.220205 0.017064 0.027347
0 0.860671 0.368588 0.021837 0.029359
0 0.573960 0.768994 0.015446 0.019565
0 0.121303 0.313399 0.030646 0.043145
0 0.516756 0.897794 0.015717 0.026171
0 0.781490 0.072538 0.018217 0.025792
0 0.826390 0.493795 0.020605 0.027340
0 0.898169 0.594966 0.020447 0.025055
0 0.587855 0.834344 0.018698 0.024992
0 0.525831 0.697934 0.017891 0.023951
0 0.464417 0.100080 0.015629 0.021825
0 0.483260 0.203506 0.019809 0.030029
0 0.426532 0.012853 0.018043 0.021273
0 0.589731 0.743453 0.015721 0.021077
0 0.535376 0.632075 0.019093 0.026147
0 0.791942 0.727220 0.028894 0.045932
0 0.354129 0.872341 0.015570 0.023282
0 0.903064 0.407044 0.020537 0.024925
0 0.840542 0.152815 0.023707 0.031027
0 0.546095 0.414469 0.019650 0.026382
0 0.509883 0.838594 0.018207 0.026975
0 0.510073 0.525506 0.022843 0.028247
0 0.370597 0.770706 0.018323 0.029631
0 0.244375 0.805658 0.015133 0.023279
0 0.293632 0.879233 0.017246 0.023943
0 0.402623 0.820313 0.022178 0.029636
0 0.430029 0.435139 0.028231 0.026812