0 0.581206 0.007191 0.017798 0.014236
0 0.670379 0.682857 0.011870 0.017213
0 0.664704 0.242990 0.011553 0.016847
0 0.675942 0.141779 0.010536 0.015319
0 0.384020 0.735675 0.014099 0.019774
0 0.765780 0.639889 0.011740 0.016988
0 0.309889 0.660718 0.011995 0.015848
0 0.491468 0.463986 0.011921 0.018427
0 0.715737 0.648022 0.012520 0.016206
0 0.471313 0.119630 0.013722 0.017956
0 0.243190 0.673552 0.011179 0.015898
0 0.269905 0.843641 0.011863 0.017495
0 0.081448 0.430397 0.012333 0.021983
0 0.647090 0.794399 0.010894 0.018474
0 0.423953 0.914128 0.011874 0.017634
0 0.760438 0.152504 0.013388 0.017474
0 0.532380 0.204075 0.011113 0.018654
0 0.174736 0.269965 0.010461 0.017117
0 0.570528 0.602290 0.012313 0.017834
0 0.714562 0.818068 0.011849 0.016538
0 0.124845 0.227022 0.010459 0.016047
0 0.070625 0.070333 0.012174 0.015838
0 0.328102 0.721345 0.012863 0.019105
0 0.463577 0.936532 0.019698 0.029912
0 0.606855 0.485647 0.012424 0.017164
0 0.383526 0.224646 0.013821 0.021627
0 0.644265 0.033324 0.010431 0.013664
0 0.070808 0.607553 0.013162 0.018093
0 0.730511 0.486786 0.014573 0.018661
0 0.355626 0.881269 0.015037 0.019982
0 0.661736 0.359071 0.018126 0.019790
0 0.288880 0.279342 0.014972 0.022131