0 0.396625 0.825185 0.018690 0.044041
0 0.882875 0.396149 0.033524 0.058592
0 0.953395 0.649798 0.035708 0.054727
0 0.811995 0.277929 0.035684 0.068674
0 0.954553 0.467370 0.027420 0.053837
0 0.897947 0.984486 0.031403 0.030921
0 0.412974 0.967369 0.046282 0.051752
0 0.766492 0.506880 0.022162 0.038348
0 0.444554 0.262125 0.015471 0.033965
0 0.992173 0.231644 0.015637 0.066502
0 0.993933 0.066677 0.012134 0.085307
0 0.328128 0.158792 0.028975 0.051855
0 0.738659 0.248721 0.047277 0.076739
0 0.415426 0.423496 0.026463 0.047903
0 0.690583 0.788158 0.021817 0.042888
0 0.933417 0.346366 0.039405 0.053262
0 0.545133 0.015792 0.025542 0.030954
0 0.919336 0.206154 0.025059 0.043084
0 0.909317 0.294370 0.034131 0.050001
0 0.425926 0.176182 0.022148 0.048561
0 0.731474 0.858234 0.018186 0.037296
0 0.644153 0.804338 0.027321 0.055446
0 0.775955 0.886852 0.024523 0.042376
0 0.743371 0.711190 0.023914 0.034941
0 0.740347 0.168827 0.040094 0.053857
0 0.717078 0.064518 0.045821 0.071809
0 0.983066 0.343598 0.027180 0.065422
0 0.915850 0.123196 0.035996 0.074314
0 0.844042 0.055869 0.037097 0.046367
0 0.026373 0.621116 0.046055 0.075494
0 0.356702 0.738975 0.029129 0.053022