0 0.661262 0.666964 0.012585 0.017230
0 0.645082 0.489365 0.012048 0.016497
0 0.297779 0.352091 0.015330 0.021092
0 0.492187 0.311304 0.012769 0.021360
0 0.191046 0.411331 0.012613 0.018042
0 0.837464 0.836197 0.012093 0.019313
0 0.442660 0.382310 0.013932 0.020855
0 0.167474 0.084977 0.015707 0.022570
0 0.906844 0.638600 0.022149 0.025322
0 0.973019 0.575336 0.013540 0.015448
0 0.870280 0.521146 0.016056 0.016980
0 0.349803 0.492088 0.014690 0.021946
0 0.519850 0.314603 0.016734 0.024698
0 0.119096 0.443863 0.012626 0.020123
0 0.351421 0.979657 0.015873 0.020667
0 0.236657 0.738279 0.016434 0.017621
0 0.305280 0.941965 0.021656 0.019113
0 0.315544 0.886210 0.014805 0.020299
0 0.262047 0.734425 0.021486 0.019967
0 0.498144 0.578847 0.021554 0.031780