0 0.258343 0.569383 0.011863 0.018774
0 0.542816 0.710197 0.014013 0.029044
0 0.115194 0.815631 0.011905 0.020358
0 0.386518 0.458567 0.012715 0.023123
0 0.514656 0.621153 0.011508 0.022173
0 0.544052 0.715761 0.011816 0.019805
0 0.445465 0.817055 0.010771 0.018517
0 0.349796 0.400413 0.011488 0.019722
0 0.467968 0.670535 0.011379 0.017955
0 0.950124 0.695790 0.010534 0.020887
0 0.441121 0.512384 0.011821 0.022493
0 0.618528 0.664489 0.012612 0.023057
0 0.556390 0.648971 0.012278 0.023608
0 0.634301 0.731594 0.012059 0.023635
0 0.926253 0.775920 0.015343 0.023931
0 0.651375 0.762166 0.014728 0.024586