0 0.062024 0.320606 0.014709 0.020173
0 0.112441 0.632040 0.018280 0.033314
0 0.862092 0.754223 0.017010 0.021731
0 0.886171 0.564567 0.014310 0.022579
0 0.969991 0.895334 0.020993 0.025781
0 0.815731 0.410993 0.018199 0.023360
0 0.393166 0.441081 0.018439 0.027317
0 0.739529 0.522315 0.015914 0.024610
0 0.063374 0.373558 0.017060 0.024792
0 0.792863 0.489464 0.016575 0.022859
0 0.315855 0.633961 0.017692 0.029559
0 0.770314 0.315916 0.019249 0.028797
0 0.876922 0.657904 0.018151 0.022409
0 0.952672 0.840578 0.017048 0.024716
0 0.414255 0.631780 0.020756 0.028404
0 0.202087 0.703651 0.020772 0.024817
0 0.770646 0.567682 0.018366 0.029125
0 0.799611 0.273757 0.024985 0.032857
0 0.684251 0.773106 0.022466 0.034485