0 0.616997 0.303195 0.017799 0.025856
0 0.360194 0.305977 0.018718 0.016414
0 0.465463 0.462076 0.012755 0.014139
0 0.100116 0.819094 0.012582 0.014780
0 0.316228 0.622939 0.013571 0.015422
0 0.237458 0.927219 0.014763 0.017208
0 0.596942 0.460849 0.019089 0.019016
0 0.527498 0.241953 0.017849 0.022180
0 0.596499 0.561645 0.016083 0.017323
0 0.769479 0.475486 0.019758 0.024539
0 0.877013 0.439598 0.019664 0.021344
0 0.105352 0.551827 0.025336 0.018086
0 0.504416 0.466298 0.013879 0.018444
0 0.071070 0.519137 0.014301 0.016680
0 0.265191 0.695967 0.014689 0.017258
0 0.646539 0.795995 0.015786 0.017953
0 0.141521 0.805691 0.020858 0.018891
0 0.537717 0.452939 0.014532 0.017856
0 0.931551 0.757780 0.018985 0.022697
0 0.572307 0.375730 0.020892 0.021532
0 0.196145 0.494406 0.016529 0.022009
0 0.340847 0.321848 0.014871 0.024690
0 0.391166 0.482739 0.014323 0.017592
0 0.269658 0.431042 0.016170 0.020109
0 0.174885 0.541228 0.017475 0.019380
0 0.490587 0.510047 0.016594 0.022399
0 0.522613 0.885230 0.016827 0.017231
0 0.127335 0.597169 0.018113 0.019131
0 0.989394 0.487147 0.021208 0.038940
0 0.619534 0.446821 0.032814 0.030576
0 0.460368 0.725855 0.019954 0.021298
0 0.341747 0.570180 0.021417 0.028273
0 0.906939 0.517662 0.057020 0.040369
0 0.695053 0.980538 0.015138 0.026532
0 0.218517 0.904369 0.058388 0.041780
0 0.068895 0.891190 0.022985 0.027965
0 0.807086 0.839254 0.034038 0.033882