0 0.692242 0.281041 0.011471 0.015978
0 0.790234 0.515738 0.012750 0.018817
0 0.755735 0.978764 0.013902 0.017793
0 0.577389 0.889374 0.021546 0.030986
0 0.681532 0.246158 0.012531 0.017240
0 0.907108 0.155234 0.012288 0.019558
0 0.825010 0.462746 0.013066 0.018198
0 0.809668 0.167800 0.013783 0.019440
0 0.055270 0.303360 0.019570 0.027286
0 0.063487 0.968701 0.017954 0.023169
0 0.947936 0.011840 0.011635 0.013295
0 0.737532 0.448788 0.014328 0.018309
0 0.181956 0.093056 0.016576 0.023721
0 0.686113 0.971901 0.013757 0.019632
0 0.390301 0.496285 0.017449 0.023891
0 0.203287 0.905035 0.015978 0.021091
0 0.754579 0.685260 0.014713 0.020526
0 0.204149 0.793304 0.015108 0.020893
0 0.347050 0.575359 0.014323 0.021399
0 0.841079 0.512038 0.013953 0.019006
0 0.680602 0.453149 0.014074 0.019374
0 0.943649 0.790349 0.013644 0.019068
0 0.661452 0.413351 0.013492 0.020919
0 0.060149 0.044498 0.024013 0.032042
0 0.512944 0.616288 0.015219 0.023389
0 0.030566 0.705139 0.017188 0.023468
0 0.389038 0.638592 0.019513 0.025129
0 0.674225 0.354010 0.017583 0.025019
0 0.511209 0.757995 0.018404 0.026215