0 0.829536 0.900871 0.041714 0.072949
0 0.089049 0.008024 0.035855 0.016047
0 0.006121 0.593533 0.012231 0.056910
0 0.304232 0.261274 0.022086 0.040526
0 0.034870 0.787471 0.020803 0.037200
0 0.209227 0.710329 0.024270 0.043517
0 0.105625 0.542937 0.031942 0.046380
0 0.419423 0.117498 0.031885 0.044554
0 0.715477 0.833104 0.035183 0.052220
0 0.047911 0.456042 0.032300 0.048387
0 0.388022 0.060515 0.030265 0.047054
0 0.274743 0.403878 0.037549 0.052675
0 0.223600 0.417107 0.038918 0.054315
0 0.463235 0.367657 0.037846 0.065046