0 0.861706 0.681201 0.025179 0.034050
0 0.221487 0.385921 0.014316 0.025835
0 0.026889 0.448939 0.017979 0.037444
0 0.185751 0.673455 0.021848 0.036517
0 0.925936 0.483591 0.019557 0.028300
0 0.440286 0.150747 0.027422 0.051155
0 0.702855 0.885824 0.026426 0.041764
0 0.905835 0.883584 0.016127 0.028505
0 0.647926 0.137338 0.015667 0.028136
0 0.421605 0.572756 0.016130 0.030672
0 0.883990 0.104790 0.018829 0.028200
0 0.880908 0.308838 0.015528 0.029945
0 0.203752 0.799994 0.021877 0.034876
0 0.601064 0.506356 0.020445 0.030876
0 0.610744 0.419979 0.021595 0.033119
0 0.564573 0.405571 0.018866 0.033249
0 0.431490 0.295757 0.017108 0.028497
0 0.067541 0.345513 0.017282 0.029996
0 0.706895 0.462282 0.024611 0.043898
0 0.896106 0.348238 0.018638 0.031607
0 0.917648 0.112148 0.018516 0.029204
0 0.303259 0.407281 0.019397 0.037227
0 0.686678 0.130820 0.015416 0.025350
0 0.405740 0.380975 0.021970 0.035167
0 0.182260 0.464224 0.018284 0.032697
0 0.273339 0.259668 0.016581 0.028734
0 0.820841 0.169670 0.019197 0.032868
0 0.460732 0.052662 0.015658 0.025061
0 0.090459 0.268412 0.016227 0.026857
0 0.350454 0.021187 0.019068 0.027580
0 0.163365 0.120965 0.024095 0.042883
0 0.887325 0.018488 0.023111 0.031051
0 0.163534 0.223341 0.020465 0.032848
0 0.471518 0.077127 0.019314 0.029482
0 0.461745 0.011365 0.017405 0.020975
0 0.120481 0.060674 0.016632 0.027464
0 0.150428 0.298788 0.023831 0.034933
0 0.532466 0.096847 0.019424 0.034334
0 0.580047 0.200410 0.015437 0.028022
0 0.275480 0.189118 0.017508 0.027222
0 0.346420 0.110505 0.019054 0.029713
0 0.452148 0.090017 0.019410 0.029490
0 0.497912 0.172370 0.020086 0.036113
0 0.536828 0.274315 0.018183 0.028523
0 0.366947 0.216269 0.023937 0.034596
0 0.636793 0.357890 0.020424 0.036020
0 0.597228 0.260506 0.024441 0.036142
0 0.525314 0.192243 0.027646 0.037010