0 0.906866 0.161255 0.011573 0.016903
0 0.109742 0.677397 0.014643 0.021549
0 0.382125 0.805852 0.014285 0.020426
0 0.425917 0.751874 0.015766 0.022306
0 0.719591 0.136193 0.012353 0.017429
0 0.712421 0.050942 0.013753 0.020134
0 0.781215 0.355774 0.013123 0.017783
0 0.715714 0.571615 0.013651 0.017061
0 0.670533 0.006082 0.013097 0.012086
0 0.252239 0.699168 0.013932 0.019938
0 0.635228 0.505616 0.014229 0.019365
0 0.792247 0.470289 0.013755 0.017715
0 0.254702 0.268092 0.012784 0.021354
0 0.882889 0.115880 0.011233 0.017523
0 0.871273 0.058620 0.018325 0.020268
0 0.310032 0.325357 0.011241 0.017441
0 0.159027 0.538717 0.016095 0.020103
0 0.396900 0.442164 0.012231 0.019886
0 0.688881 0.235548 0.012547 0.021577
0 0.785866 0.041959 0.016705 0.020430
0 0.531763 0.763369 0.013936 0.020743
0 0.448263 0.461420 0.018253 0.022799
0 0.285025 0.491247 0.017474 0.025874
0 0.690441 0.043635 0.015709 0.020145
0 0.676984 0.422039 0.015331 0.019051
0 0.808082 0.355090 0.015023 0.019666
0 0.234454 0.892646 0.017100 0.026997
0 0.659418 0.337994 0.016348 0.020761
0 0.574918 0.237676 0.018825 0.023555
0 0.685551 0.160416 0.016545 0.021187
0 0.524648 0.218569 0.017763 0.023868
0 0.876788 0.353728 0.013498 0.023224
0 0.507891 0.300229 0.018830 0.027839
0 0.281648 0.770594 0.025018 0.027053
0 0.145171 0.798425 0.024864 0.033794