0 0.059374 0.349746 0.014220 0.020563
0 0.432784 0.879222 0.016716 0.022191
0 0.035139 0.469136 0.013525 0.019284
0 0.443627 0.821345 0.015399 0.023979
0 0.469227 0.962947 0.013714 0.019757
0 0.383662 0.413989 0.014302 0.022752
0 0.559250 0.791632 0.016120 0.024328
0 0.808969 0.522728 0.014844 0.022730
0 0.924734 0.025893 0.015897 0.023134
0 0.523745 0.626748 0.016059 0.024733
0 0.434945 0.432595 0.016637 0.023490
0 0.021889 0.097679 0.015131 0.019972
0 0.351454 0.508283 0.015662 0.025379
0 0.022360 0.029321 0.014281 0.023373
0 0.756127 0.480363 0.019097 0.028020
0 0.451205 0.606751 0.019324 0.024437
0 0.502052 0.549503 0.016835 0.026737
0 0.092494 0.055335 0.014347 0.019432
0 0.683871 0.097815 0.016680 0.023383
0 0.550514 0.135348 0.019503 0.026457
0 0.080388 0.036459 0.014914 0.020118
0 0.264705 0.372880 0.017114 0.026699
0 0.206861 0.972062 0.016048 0.021262
0 0.586765 0.422772 0.016541 0.023832
0 0.288916 0.020461 0.014828 0.019489
0 0.581220 0.271121 0.029544 0.028694
0 0.538420 0.497518 0.020123 0.026824
0 0.673446 0.881588 0.018304 0.028104