0 0.213286 0.965983 0.012708 0.021594
0 0.733621 0.664240 0.016958 0.024164
0 0.262368 0.937866 0.012570 0.019745
0 0.665164 0.678686 0.016186 0.023635
0 0.540116 0.717678 0.013718 0.021465
0 0.951745 0.841574 0.018546 0.023798
0 0.967970 0.662351 0.016076 0.020080
0 0.955937 0.746649 0.012903 0.022759
0 0.836789 0.710317 0.015417 0.024221
0 0.362231 0.701262 0.013970 0.020573
0 0.651242 0.448623 0.014863 0.020566
0 0.576545 0.842704 0.024149 0.028786
0 0.982378 0.812397 0.018545 0.021330
0 0.682034 0.252155 0.015707 0.023678
0 0.120996 0.795946 0.016379 0.030058
0 0.970089 0.906747 0.020422 0.018868
0 0.280320 0.949080 0.013544 0.021032
0 0.968220 0.264251 0.013168 0.020604
0 0.747639 0.858557 0.015125 0.021288
0 0.806884 0.296966 0.018678 0.033665
0 0.707869 0.910177 0.016381 0.027760
0 0.946957 0.443909 0.012588 0.019195
0 0.477761 0.008125 0.014494 0.015740
0 0.646548 0.202899 0.019483 0.028385
0 0.751746 0.013855 0.017935 0.021725
0 0.526872 0.015809 0.015431 0.018816
0 0.126347 0.258880 0.014992 0.023630
0 0.427327 0.693217 0.013224 0.018240
0 0.346234 0.850104 0.014015 0.019876
0 0.065915 0.301610 0.015984 0.020975
0 0.229368 0.205022 0.015103 0.026798
0 0.765219 0.900552 0.015134 0.025740
0 0.491279 0.686134 0.014634 0.019021
0 0.215942 0.474161 0.014321 0.023175
0 0.688746 0.336386 0.019052 0.037258
0 0.649207 0.068302 0.013096 0.020407
0 0.712289 0.018677 0.014262 0.019609
0 0.165892 0.044769 0.014344 0.020317
0 0.622921 0.042748 0.014920 0.022741
0 0.116696 0.166004 0.016332 0.026037
0 0.088831 0.117817 0.015344 0.024638