0 0.523407 0.853925 0.019170 0.026670
0 0.426376 0.804334 0.017249 0.026237
0 0.728396 0.097149 0.026176 0.029774
0 0.469383 0.772026 0.021258 0.025535
0 0.564207 0.835745 0.021864 0.024657
0 0.465186 0.523185 0.020421 0.029295
0 0.339647 0.588367 0.021661 0.031750
0 0.306859 0.369054 0.021728 0.028902
0 0.487911 0.962384 0.024724 0.029266
0 0.290602 0.612916 0.022011 0.027655
0 0.546821 0.909064 0.023536 0.034962
0 0.177764 0.605137 0.025535 0.028347
0 0.618636 0.641547 0.028789 0.037097
0 0.552836 0.491097 0.032629 0.041389