0 0.058367 0.686185 0.018303 0.041216
0 0.139216 0.135621 0.019958 0.037744
0 0.239308 0.018835 0.021709 0.037300
0 0.865192 0.441328 0.015736 0.031514
0 0.887094 0.414809 0.024040 0.046969
0 0.056627 0.387008 0.023896 0.045637
0 0.151128 0.257050 0.024413 0.040656
0 0.083276 0.630817 0.019840 0.045567
0 0.061453 0.425825 0.020171 0.040015
0 0.024744 0.281525 0.020390 0.037975
0 0.145704 0.223559 0.021300 0.039507
0 0.042422 0.174425 0.021107 0.045501
0 0.209583 0.628849 0.024167 0.053587
0 0.056057 0.557686 0.018816 0.038637
0 0.310989 0.149865 0.022800 0.043503
0 0.053723 0.073377 0.025197 0.050686
0 0.206243 0.752205 0.030979 0.060083
0 0.271162 0.651180 0.043146 0.089229
0 0.466671 0.885520 0.055740 0.107202
0 0.399362 0.757420 0.020458 0.042237