0 0.761082 0.407437 0.017480 0.025096
0 0.859193 0.628622 0.018908 0.028083
0 0.181381 0.706857 0.016569 0.020936
0 0.265915 0.354222 0.017109 0.020921
0 0.665302 0.478294 0.014973 0.026482
0 0.744505 0.457271 0.015902 0.024815
0 0.281288 0.446390 0.024093 0.029699
0 0.104704 0.978446 0.013800 0.020669
0 0.811898 0.524642 0.016270 0.023584
0 0.278892 0.526721 0.025250 0.032477
0 0.106775 0.952109 0.012669 0.028255
0 0.207693 0.325364 0.044192 0.038332
0 0.538166 0.536516 0.019422 0.026093
0 0.859938 0.745218 0.015964 0.020790
0 0.204588 0.790496 0.020737 0.040692
0 0.933425 0.812017 0.014842 0.021403
0 0.391483 0.773921 0.015603 0.022454
0 0.506591 0.601298 0.016060 0.021163
0 0.229980 0.823799 0.016465 0.028786
0 0.630650 0.497875 0.016898 0.027337
0 0.162419 0.810525 0.015719 0.022549
0 0.906924 0.585078 0.016089 0.020021
0 0.538674 0.898060 0.017344 0.020383
0 0.546435 0.602400 0.017079 0.021137
0 0.966299 0.756623 0.019459 0.021441
0 0.979578 0.708979 0.018315 0.019629
0 0.909985 0.642743 0.016926 0.021411
0 0.883094 0.672412 0.018486 0.021884
0 0.644076 0.467683 0.019695 0.028033
0 0.420399 0.602478 0.016994 0.027339
0 0.870232 0.790656 0.014654 0.019352
0 0.546229 0.862199 0.016440 0.018620
0 0.244445 0.873665 0.017711 0.023174
0 0.371595 0.946730 0.014512 0.018917
0 0.368979 0.833782 0.018429 0.022835
0 0.463949 0.691532 0.018970 0.023180
0 0.076071 0.604294 0.022152 0.027790
0 0.503901 0.521611 0.022747 0.024471