0 0.268038 0.629298 0.015931 0.029218
0 0.338348 0.594687 0.014420 0.029508
0 0.011143 0.648891 0.022255 0.039071
0 0.221363 0.774155 0.020546 0.035711
0 0.092183 0.800712 0.024360 0.029315
0 0.241786 0.886596 0.017125 0.025128
0 0.526211 0.883490 0.016267 0.027582
0 0.209245 0.299657 0.026249 0.038232
0 0.058624 0.655522 0.015505 0.033071
0 0.131689 0.421187 0.023491 0.047501
0 0.163785 0.965350 0.017383 0.030235
0 0.175053 0.747945 0.029502 0.036441
0 0.187226 0.979964 0.015121 0.033621
0 0.045328 0.874463 0.039150 0.037215
0 0.010860 0.878867 0.021720 0.041538
0 0.070388 0.986307 0.018566 0.027082
0 0.092261 0.629210 0.038572 0.043582
0 0.357103 0.531361 0.016917 0.031163
0 0.177016 0.581265 0.021821 0.039288
0 0.064040 0.775009 0.036614 0.037916
0 0.119280 0.985201 0.024199 0.027155
0 0.204040 0.778787 0.024285 0.036377
0 0.137431 0.841759 0.028499 0.032322
0 0.546789 0.944319 0.027991 0.037772
0 0.376655 0.371734 0.032908 0.042909
0 0.571027 0.622204 0.041492 0.045547
0 0.170941 0.722166 0.026855 0.027681
0 0.144732 0.758106 0.020916 0.031699
0 0.136082 0.704753 0.021691 0.032145