0 0.912735 0.173494 0.021165 0.036144
0 0.815161 0.107632 0.023373 0.046728
0 0.815101 0.988444 0.020481 0.022871
0 0.085695 0.294871 0.033753 0.063123
0 0.434547 0.585214 0.016785 0.041141
0 0.744580 0.025584 0.046321 0.051167
0 0.906289 0.298792 0.025342 0.049706
0 0.974497 0.295551 0.050784 0.108590
0 0.652849 0.029191 0.022195 0.058258
0 0.738470 0.112626 0.026182 0.046209
0 0.890100 0.858700 0.035733 0.061611
0 0.265043 0.900064 0.028634 0.041472
0 0.884955 0.676845 0.035779 0.063825
0 0.758059 0.931835 0.033731 0.065094
0 0.487545 0.773189 0.023681 0.029341
0 0.635746 0.019511 0.023725 0.039022
0 0.737100 0.697847 0.028593 0.053273
0 0.039251 0.686425 0.027028 0.042017
0 0.769469 0.584842 0.032503 0.072935
0 0.791626 0.744753 0.032048 0.065781
0 0.684262 0.150527 0.041698 0.052341
0 0.711525 0.371575 0.043702 0.066049
0 0.676818 0.568543 0.026539 0.058407
0 0.809871 0.616728 0.027217 0.049052
0 0.852746 0.703960 0.028739 0.052631
0 0.743422 0.814908 0.032775 0.058062
0 0.574416 0.922962 0.019082 0.036345
0 0.415441 0.773773 0.029300 0.062705
0 0.430608 0.930565 0.030427 0.051358
0 0.391660 0.858504 0.036716 0.043101
0 0.435516 0.983149 0.026380 0.033471
0 0.506077 0.962743 0.023022 0.045045
0 0.814068 0.393863 0.059098 0.090942
0 0.471656 0.950049 0.031188 0.057097
0 0.841067 0.906693 0.032024 0.044774
0 0.869685 0.978680 0.032706 0.042641
0 0.846688 0.645411 0.030321 0.063038
0 0.824671 0.560724 0.033324 0.049585
0 0.835715 0.591882 0.026736 0.055615