0 0.736183 0.786763 0.011931 0.016527
0 0.927188 0.488527 0.010577 0.013706
0 0.380298 0.966729 0.014715 0.015673
0 0.943588 0.543264 0.009732 0.013606
0 0.911253 0.595455 0.011679 0.014465
0 0.813023 0.675866 0.009583 0.014477
0 0.761026 0.399339 0.011474 0.013840
0 0.900223 0.278728 0.013235 0.015259
0 0.917663 0.085236 0.010519 0.014219
0 0.169268 0.860292 0.010804 0.017131
0 0.647628 0.436213 0.010457 0.015168
0 0.945958 0.476337 0.009180 0.013634
0 0.918986 0.613337 0.011012 0.013551
0 0.842368 0.212813 0.011405 0.013917
0 0.537565 0.449811 0.010739 0.014542
0 0.448698 0.778847 0.012312 0.014478
0 0.775591 0.718817 0.012056 0.014827
0 0.871307 0.253287 0.010739 0.014011
0 0.938966 0.335672 0.010323 0.013749
0 0.954105 0.227333 0.011090 0.014123
0 0.711447 0.502125 0.009571 0.015022
0 0.956731 0.357436 0.010519 0.014006
0 0.565415 0.517150 0.011585 0.013653
0 0.959928 0.298538 0.008419 0.012448
0 0.982768 0.358172 0.009722 0.012326
0 0.212858 0.711254 0.009998 0.015703
0 0.682854 0.670810 0.011167 0.015196
0 0.515819 0.729608 0.016109 0.020867
0 0.719127 0.771464 0.014181 0.016878
0 0.710833 0.811536 0.013340 0.016624
0 0.867281 0.562148 0.012730 0.018178
0 0.668588 0.574581 0.011156 0.017267
0 0.829910 0.508149 0.017650 0.022694
0 0.849821 0.270742 0.010945 0.014882
0 0.902470 0.689509 0.014121 0.014032
0 0.551646 0.421676 0.011267 0.015607
0 0.344256 0.932483 0.013602 0.014825
0 0.960033 0.507779 0.012251 0.015840
0 0.615667 0.794062 0.013081 0.016566
0 0.586933 0.582306 0.011006 0.016282
0 0.434467 0.524722 0.013155 0.015991
0 0.751157 0.867825 0.016578 0.016087
0 0.927030 0.435941 0.012214 0.014430
0 0.921779 0.311664 0.011952 0.013963
0 0.602127 0.521663 0.011378 0.014761
0 0.527861 0.704494 0.013811 0.015273
0 0.816367 0.404293 0.012368 0.016002
0 0.389199 0.852288 0.015923 0.016421
0 0.747549 0.478090 0.016386 0.018140
0 0.178720 0.128919 0.018502 0.023673
0 0.130961 0.357325 0.021179 0.030651
0 0.087986 0.738894 0.018356 0.027986
0 0.706368 0.412273 0.017349 0.018729
0 0.419036 0.427916 0.024642 0.024128
0 0.486949 0.711161 0.020358 0.019059