0 0.453230 0.504317 0.009028 0.013346
0 0.556049 0.749802 0.010366 0.014937
0 0.477202 0.941298 0.010577 0.016068
0 0.046978 0.036204 0.011520 0.019357
0 0.344426 0.835398 0.009115 0.015177
0 0.515167 0.050341 0.010469 0.015650
0 0.286123 0.517070 0.009919 0.021585
0 0.396061 0.474848 0.008961 0.014217
0 0.834248 0.518582 0.009742 0.014472
0 0.207063 0.037327 0.013865 0.017677
0 0.386154 0.357189 0.012042 0.018941
0 0.358432 0.635889 0.021511 0.026436
0 0.401477 0.424847 0.010489 0.014711
0 0.369807 0.862291 0.009604 0.015627
0 0.338543 0.918672 0.009300 0.014367
0 0.429728 0.179326 0.009602 0.012726
0 0.368282 0.732607 0.009006 0.011369
0 0.196975 0.815264 0.010909 0.015460
0 0.753451 0.271234 0.010497 0.015541
0 0.475010 0.748463 0.009702 0.015996
0 0.273866 0.809368 0.011071 0.015643
0 0.498898 0.887531 0.010015 0.018372
0 0.383874 0.593434 0.009114 0.011882
0 0.583250 0.239618 0.009588 0.014933
0 0.536442 0.110720 0.008265 0.014285
0 0.662637 0.153777 0.008884 0.015239
0 0.352988 0.403337 0.009780 0.016129
0 0.852815 0.140956 0.011056 0.015215
0 0.647715 0.037689 0.014355 0.017156
0 0.479082 0.311119 0.009449 0.014038
0 0.692989 0.213601 0.010206 0.015718
0 0.576392 0.807329 0.009705 0.015548
0 0.424793 0.526685 0.008706 0.013358
0 0.589079 0.213290 0.010355 0.015251
0 0.708495 0.201477 0.009119 0.013839
0 0.588593 0.143541 0.011142 0.016696
0 0.498707 0.600510 0.009893 0.013954
0 0.812695 0.041488 0.023175 0.038136
0 0.721344 0.185941 0.010244 0.013859
0 0.690944 0.271696 0.010005 0.014990
0 0.725413 0.153343 0.011193 0.016012
0 0.618340 0.302805 0.011808 0.014306
0 0.698552 0.164203 0.010574 0.015660
0 0.455580 0.534145 0.010301 0.015119
0 0.788689 0.444872 0.009539 0.014130
0 0.657010 0.232074 0.010581 0.014406
0 0.596492 0.163589 0.010857 0.016065
0 0.703144 0.407913 0.010163 0.014669
0 0.747207 0.375799 0.011278 0.015911