0 0.940618 0.027831 0.032285 0.055663
0 0.388019 0.787632 0.030650 0.057625
0 0.083407 0.744904 0.032835 0.054848
0 0.178530 0.536968 0.024935 0.040595
0 0.362371 0.691438 0.029640 0.042281
0 0.240884 0.938721 0.031689 0.064685
0 0.213817 0.976720 0.034854 0.046397
0 0.736086 0.967134 0.023183 0.036832
0 0.411672 0.520457 0.022451 0.039907
0 0.055661 0.601471 0.026309 0.049157
0 0.238664 0.682517 0.037856 0.061106
0 0.594798 0.912470 0.024479 0.038982
0 0.129871 0.784960 0.023956 0.041874
0 0.507562 0.737020 0.024128 0.041055
0 0.508953 0.601101 0.021825 0.044981
0 0.218279 0.286257 0.026317 0.044291
0 0.401095 0.017231 0.029397 0.034462
0 0.511354 0.797744 0.028079 0.044324
0 0.655219 0.893861 0.024407 0.040108
0 0.755886 0.933882 0.029809 0.044303
0 0.604757 0.852715 0.026721 0.046322
0 0.532543 0.713940 0.027650 0.048866
0 0.441886 0.718741 0.025083 0.048652
0 0.775077 0.966696 0.026886 0.051972
0 0.156702 0.367120 0.022662 0.048554
0 0.974506 0.039972 0.026351 0.052748
0 0.959831 0.029380 0.031134 0.058760
0 0.878274 0.756651 0.035464 0.065724
0 0.093217 0.391485 0.038724 0.061985
0 0.227006 0.193749 0.043526 0.053938
0 0.213116 0.031234 0.031812 0.061962
0 0.475571 0.448136 0.036895 0.055818
0 0.906714 0.778546 0.034516 0.066099
0 0.982776 0.670166 0.034449 0.065776
0 0.838091 0.758477 0.043377 0.075844
0 0.370909 0.486989 0.035770 0.064528
0 0.520808 0.158655 0.029744 0.065333
0 0.816276 0.308098 0.034233 0.080011