0 0.767455 0.547619 0.010473 0.012690
0 0.247993 0.678775 0.008147 0.015309
0 0.636527 0.450045 0.011017 0.013235
0 0.730802 0.551081 0.009334 0.018969
0 0.385045 0.426727 0.011108 0.018510
0 0.694561 0.424050 0.012492 0.018525
0 0.673462 0.518020 0.008018 0.010735
0 0.086372 0.367290 0.009081 0.012759
0 0.117323 0.380213 0.007440 0.010826
0 0.365051 0.749445 0.016897 0.041037
0 0.329119 0.397026 0.008773 0.012436
0 0.769464 0.591904 0.008208 0.009623
0 0.747301 0.468652 0.013246 0.019749
0 0.441463 0.423476 0.011694 0.015898
0 0.124948 0.408138 0.008922 0.018394
0 0.025477 0.411276 0.008122 0.013052
0 0.425349 0.486192 0.007977 0.010274
0 0.247294 0.317347 0.013057 0.011246
0 0.813936 0.954708 0.007949 0.010597
0 0.034720 0.442248 0.007302 0.010155
0 0.768613 0.664057 0.011588 0.027846
0 0.650243 0.634946 0.009288 0.019440
0 0.110619 0.437043 0.008272 0.009977
0 0.658061 0.663319 0.007238 0.009296
0 0.393379 0.389448 0.015310 0.017384
0 0.110935 0.481840 0.008703 0.009990
0 0.092629 0.384502 0.010826 0.012474
0 0.458753 0.483420 0.006809 0.013854
0 0.416609 0.392975 0.012134 0.020501
0 0.742797 0.574274 0.007971 0.009470
0 0.263600 0.522897 0.009236 0.011288
0 0.182078 0.411357 0.008894 0.014051
0 0.793458 0.685880 0.007253 0.010007
0 0.395820 0.502760 0.008255 0.010904
0 0.376687 0.445133 0.008824 0.009718
0 0.656075 0.485723 0.015264 0.017242
0 0.698411 0.478944 0.011866 0.016422
0 0.767738 0.674135 0.009176 0.009061
0 0.259014 0.393593 0.007869 0.009849
0 0.304136 0.429194 0.009098 0.012863
0 0.361095 0.765674 0.008023 0.009883
0 0.458120 0.439550 0.008033 0.009976
0 0.158154 0.405313 0.010170 0.012035
0 0.222184 0.367453 0.007776 0.015015
0 0.070886 0.482838 0.009596 0.010105
0 0.489825 0.602718 0.007630 0.010753
0 0.713124 0.443684 0.014643 0.015936
0 0.317551 0.525150 0.008327 0.010186
0 0.610759 0.727945 0.007548 0.009417
0 0.767624 0.708280 0.008278 0.009396
0 0.781343 0.647026 0.009116 0.009794
0 0.354734 0.856049 0.011263 0.015113
0 0.751887 0.632960 0.008189 0.014742
0 0.727253 0.968879 0.008813 0.013083
0 0.651387 0.531420 0.008230 0.012620
0 0.226731 0.433164 0.008048 0.022099
0 0.748375 0.756809 0.007696 0.010915
0 0.504245 0.441081 0.011072 0.028180
0 0.445611 0.533398 0.012525 0.010887
0 0.084448 0.453987 0.009738 0.010991
0 0.698073 0.603933 0.013180 0.013363
0 0.702530 0.692106 0.009212 0.010263
0 0.660320 0.592493 0.009507 0.016653
0 0.694906 0.669417 0.010219 0.010769
0 0.686276 0.536029 0.011137 0.019355
0 0.168830 0.625812 0.007947 0.011250
0 0.029140 0.476388 0.009250 0.012534
0 0.727549 0.804533 0.008099 0.009842
0 0.105892 0.517286 0.010471 0.013486
0 0.488833 0.522914 0.012657 0.026672
0 0.356991 0.489470 0.012658 0.014691
0 0.175010 0.595621 0.009325 0.012676
0 0.539117 0.498315 0.011532 0.016858
0 0.620681 0.731910 0.008758 0.011207
0 0.188334 0.532553 0.022266 0.021614
0 0.611576 0.616512 0.010638 0.013030
0 0.716044 0.627511 0.011106 0.013467
0 0.523661 0.558999 0.010993 0.015860
0 0.570752 0.711232 0.011112 0.014706
0 0.552457 0.667447 0.012233 0.015250