0 0.778282 0.322861 0.023040 0.027163
0 0.879709 0.054167 0.038028 0.041480
0 0.295707 0.479479 0.023971 0.034673
0 0.869578 0.026440 0.024888 0.027857
0 0.046711 0.359072 0.020301 0.028751
0 0.142101 0.518453 0.034656 0.045079
0 0.771965 0.539757 0.020575 0.028890
0 0.524950 0.294635 0.024648 0.031725
0 0.381196 0.557849 0.021539 0.031879
0 0.878241 0.142377 0.022260 0.028552
0 0.216996 0.505077 0.038238 0.050070
0 0.652096 0.360777 0.023927 0.036462
0 0.591048 0.166007 0.038031 0.058695
0 0.616904 0.440359 0.029301 0.041597
0 0.750722 0.331062 0.042089 0.044277
0 0.674985 0.299139 0.031431 0.045338
0 0.047239 0.518770 0.031500 0.049464
0 0.765528 0.051032 0.027462 0.031666
0 0.483616 0.176213 0.031323 0.036871
0 0.742582 0.242164 0.034985 0.043006
0 0.092574 0.160297 0.042600 0.046274
0 0.374312 0.169452 0.048636 0.064812