0 0.314482 0.743076 0.017928 0.033841
0 0.255874 0.442832 0.019732 0.036887
0 0.914758 0.886306 0.014523 0.031331
0 0.049141 0.148193 0.019288 0.037528
0 0.080180 0.594798 0.014500 0.029309
0 0.582952 0.567195 0.016019 0.034944
0 0.066646 0.465542 0.015537 0.031509
0 0.364597 0.864969 0.012761 0.029151
0 0.665714 0.205236 0.022193 0.043158
0 0.096978 0.888407 0.018526 0.034974
0 0.521725 0.603807 0.015867 0.034650
0 0.028954 0.872202 0.014721 0.026461
0 0.690100 0.772289 0.017363 0.035771
0 0.091215 0.201111 0.016286 0.036942
0 0.137515 0.244898 0.015084 0.032022
0 0.909787 0.956465 0.015571 0.032104
0 0.083427 0.841026 0.013445 0.033027
0 0.343932 0.779277 0.016275 0.038545
0 0.169866 0.013864 0.014099 0.027134
0 0.389914 0.900520 0.014398 0.028790
0 0.460670 0.918437 0.015070 0.029608
0 0.299622 0.776277 0.018967 0.034500
0 0.822325 0.957672 0.017573 0.038645
0 0.645924 0.009749 0.048827 0.019499
0 0.159428 0.264530 0.016686 0.038637
0 0.324410 0.765151 0.015856 0.035358
0 0.033154 0.182444 0.019044 0.034384
0 0.481640 0.410599 0.017355 0.043646
0 0.354138 0.795206 0.014820 0.032924
0 0.242167 0.091937 0.016929 0.039885
0 0.018830 0.213479 0.019967 0.043067
0 0.699695 0.165846 0.038007 0.068792
0 0.874461 0.103480 0.024170 0.053284
0 0.760084 0.669602 0.021166 0.042412
0 0.725936 0.605321 0.022159 0.045371