0 0.925126 0.019886 0.027694 0.037649
0 0.442711 0.614262 0.016962 0.025305
0 0.979937 0.452629 0.013612 0.020706
0 0.437585 0.696828 0.013493 0.021491
0 0.380622 0.334914 0.017987 0.025923
0 0.881864 0.572399 0.013607 0.021118
0 0.890304 0.457941 0.013825 0.020973
0 0.972948 0.156707 0.014801 0.019231
0 0.869435 0.365141 0.015397 0.020300
0 0.544454 0.092253 0.012800 0.018301
0 0.550509 0.115746 0.013369 0.018457
0 0.597910 0.109804 0.013591 0.018449
0 0.677896 0.056893 0.013560 0.022032
0 0.920740 0.163454 0.031328 0.033716