0 0.986089 0.149496 0.011491 0.018244
0 0.301575 0.718848 0.014109 0.018919
0 0.932065 0.347808 0.014645 0.020932
0 0.207145 0.655987 0.012449 0.016380
0 0.188143 0.772764 0.014882 0.019967
0 0.360732 0.279511 0.013744 0.019981
0 0.149887 0.937886 0.020106 0.023010
0 0.580918 0.445803 0.020926 0.019160
0 0.601303 0.158473 0.017392 0.024941
0 0.023048 0.808040 0.013644 0.017578
0 0.556995 0.719707 0.018599 0.028829
0 0.050807 0.709282 0.013736 0.019040
0 0.462182 0.519451 0.016724 0.020959
0 0.809516 0.347391 0.019724 0.022215
0 0.910284 0.287069 0.025217 0.020922
0 0.584263 0.233468 0.021995 0.027035
0 0.518152 0.590785 0.020220 0.023610
0 0.214445 0.527718 0.014385 0.019756
0 0.462786 0.836363 0.016663 0.027001
0 0.336645 0.549909 0.012642 0.019246
0 0.348202 0.690345 0.013146 0.018603
0 0.315633 0.608720 0.013746 0.020637
0 0.948579 0.932959 0.031825 0.048556
0 0.084812 0.589274 0.015338 0.017985
0 0.522889 0.659727 0.016891 0.027228
0 0.220375 0.546379 0.015996 0.020168
0 0.435350 0.710638 0.015786 0.020926
0 0.152536 0.553952 0.015589 0.026552
0 0.250987 0.636498 0.017288 0.025794
0 0.042022 0.513827 0.014972 0.019523
0 0.377962 0.386932 0.016588 0.023714
0 0.130078 0.672911 0.017521 0.022462
0 0.213350 0.438454 0.019480 0.022413
0 0.121408 0.550061 0.017301 0.022138
0 0.623432 0.379717 0.015402 0.015159
0 0.698298 0.403423 0.016665 0.022577
0 0.617246 0.493086 0.014645 0.018707
0 0.660423 0.504697 0.015655 0.018707
0 0.610753 0.603540 0.018067 0.018712
0 0.723916 0.612117 0.019288 0.022143
0 0.799358 0.593561 0.014405 0.026197
0 0.829511 0.581710 0.012207 0.016841
0 0.822797 0.553486 0.014405 0.018400
0 0.828168 0.502340 0.015870 0.015905
0 0.784954 0.495167 0.017335 0.015905
0 0.921793 0.482410 0.024908 0.027377