0 0.541223 0.022870 0.017029 0.027166
0 0.073482 0.944866 0.014255 0.030679
0 0.872775 0.006752 0.035063 0.013505
0 0.029088 0.695006 0.016432 0.030813
0 0.973012 0.490989 0.020649 0.036676
0 0.545799 0.050724 0.015445 0.026690
0 0.857072 0.626043 0.015821 0.030803
0 0.679027 0.241936 0.019781 0.033261
0 0.059509 0.974914 0.012642 0.028902
0 0.220936 0.251143 0.034454 0.053952
0 0.646742 0.167100 0.024854 0.037113
0 0.673305 0.130721 0.022754 0.040113
0 0.111480 0.034183 0.019215 0.032888
0 0.020034 0.965573 0.014467 0.024450
0 0.800360 0.513230 0.020492 0.035740
0 0.078413 0.234353 0.018268 0.032866
0 0.625636 0.416579 0.018590 0.031682
0 0.008425 0.928411 0.016610 0.039133
0 0.076487 0.008081 0.029538 0.016162
0 0.559035 0.144712 0.018837 0.031528
0 0.938096 0.417614 0.023384 0.038257
0 0.216583 0.064840 0.029032 0.035167
0 0.930745 0.596676 0.017237 0.036341
0 0.144684 0.885389 0.015403 0.033957
0 0.478001 0.285494 0.025024 0.037990
0 0.132056 0.227639 0.020047 0.035416
0 0.179441 0.285067 0.017782 0.031979
0 0.168295 0.748872 0.015905 0.035653
0 0.047314 0.902963 0.023833 0.033176
0 0.407009 0.126751 0.019934 0.037653
0 0.132067 0.960160 0.016074 0.035824
0 0.809415 0.023937 0.033615 0.047874
0 0.465563 0.015004 0.030244 0.030007
0 0.877133 0.050126 0.033661 0.045184
0 0.586550 0.229915 0.023402 0.040447
0 0.422140 0.224663 0.026125 0.041851
0 0.504374 0.436317 0.022434 0.037733
0 0.662932 0.384457 0.025715 0.038887
0 0.435873 0.341747 0.026055 0.047808
0 0.430354 0.082237 0.032729 0.069798
0 0.256984 0.131840 0.021515 0.040245
0 0.221049 0.360173 0.023907 0.033081
0 0.693283 0.323371 0.030874 0.051446
0 0.068795 0.909811 0.026940 0.044866
0 0.008688 0.217647 0.017375 0.042141
0 0.984146 0.771462 0.024785 0.042616
0 0.019125 0.901989 0.026685 0.038255
0 0.658741 0.322963 0.033163 0.048305
0 0.039140 0.979965 0.029052 0.036711
0 0.050919 0.579763 0.082777 0.118739
0 0.279972 0.302743 0.032884 0.039934
0 0.369073 0.365890 0.027993 0.042671
0 0.018868 0.170737 0.029484 0.048178
0 0.732618 0.753665 0.028538 0.053561
0 0.139853 0.449227 0.039940 0.058625
0 0.371814 0.324707 0.038286 0.054581
0 0.741941 0.485061 0.035083 0.054450
0 0.241441 0.922873 0.032236 0.064361
0 0.278144 0.060188 0.034374 0.065103
0 0.849553 0.833429 0.051588 0.082239
0 0.202700 0.496087 0.031468 0.056322
0 0.664755 0.547174 0.028192 0.058063
0 0.570510 0.594073 0.032940 0.057591
0 0.434241 0.609596 0.065089 0.119973