0 0.705273 0.624784 0.023286 0.051505
0 0.956496 0.173720 0.011623 0.021992
0 0.991633 0.841010 0.013942 0.026372
0 0.979042 0.281517 0.012044 0.019227
0 0.430665 0.548627 0.019244 0.027007
0 0.695108 0.580429 0.019164 0.052229
0 0.284833 0.518314 0.011604 0.019213
0 0.848954 0.783944 0.014247 0.022419
0 0.941140 0.619039 0.012037 0.023531
0 0.941003 0.055989 0.016408 0.024038
0 0.907422 0.637403 0.013806 0.029281
0 0.640183 0.839236 0.013063 0.022486
0 0.977796 0.752642 0.018460 0.028795
0 0.248875 0.532865 0.013607 0.025378