0 0.568396 0.528322 0.029036 0.033903
0 0.085909 0.366003 0.015241 0.021333
0 0.426839 0.760493 0.023422 0.037737
0 0.737278 0.689162 0.013981 0.018221
0 0.741919 0.668680 0.013733 0.019672
0 0.635125 0.220840 0.021581 0.033357
0 0.262666 0.663428 0.029063 0.032326
0 0.326370 0.150276 0.022221 0.033868
0 0.951468 0.205257 0.016102 0.026301
0 0.708424 0.451543 0.016621 0.020623
0 0.466653 0.592550 0.014431 0.021069
0 0.064153 0.448995 0.014772 0.020535
0 0.536339 0.071927 0.020380 0.024293
0 0.888830 0.168176 0.019302 0.025263
0 0.242720 0.599999 0.015053 0.022865
0 0.937423 0.736825 0.013993 0.018213
0 0.749983 0.759738 0.012958 0.020817
0 0.884925 0.395948 0.014065 0.022284
0 0.412338 0.149558 0.016063 0.021057
0 0.528933 0.216208 0.014643 0.021072
0 0.203913 0.785988 0.015743 0.023092
0 0.688212 0.568439 0.017841 0.026545
0 0.423913 0.796435 0.016656 0.028097
0 0.218224 0.417825 0.017203 0.023728
0 0.706765 0.501528 0.017874 0.023875
0 0.769730 0.585211 0.014410 0.022896
0 0.168372 0.282931 0.015847 0.022418
0 0.654752 0.600981 0.016472 0.023709
0 0.436004 0.182362 0.018577 0.024907
0 0.848587 0.370343 0.013751 0.024596
0 0.700371 0.294759 0.014896 0.020433
0 0.612557 0.370731 0.014388 0.021698
0 0.600127 0.427970 0.016042 0.022972
0 0.654249 0.056144 0.018001 0.022606
0 0.840579 0.199149 0.018685 0.026518
0 0.237667 0.319587 0.018969 0.025877
0 0.334720 0.257092 0.019008 0.028214
0 0.620916 0.150050 0.019108 0.023179
0 0.140588 0.806818 0.018328 0.025769
0 0.283341 0.937104 0.022339 0.034282
0 0.811285 0.446595 0.040467 0.035602