0 0.499916 0.177518 0.014514 0.025402
0 0.295744 0.319448 0.012600 0.021970
0 0.429281 0.537135 0.015097 0.031314
0 0.039780 0.602524 0.014848 0.028279
0 0.061741 0.799536 0.017664 0.030897
0 0.484067 0.733725 0.016419 0.029458
0 0.603683 0.820902 0.014697 0.023738
0 0.633325 0.604668 0.014386 0.024043
0 0.213059 0.484597 0.016571 0.028587
0 0.327106 0.310498 0.013523 0.022521
0 0.270653 0.667574 0.021629 0.047473
0 0.347278 0.725747 0.016167 0.026818
0 0.407349 0.409970 0.014825 0.024927
0 0.353533 0.258830 0.012803 0.024990
0 0.633110 0.402116 0.017702 0.027555
0 0.506773 0.486133 0.014136 0.023932
0 0.226852 0.673157 0.016483 0.028489
0 0.239688 0.614543 0.017790 0.030881
0 0.410641 0.488972 0.015856 0.027258
0 0.930929 0.411584 0.020663 0.031636
0 0.260300 0.295451 0.014526 0.023533
0 0.767885 0.306462 0.014602 0.027357
0 0.519307 0.708187 0.017246 0.029250
0 0.830781 0.512533 0.017770 0.029740
0 0.167344 0.684169 0.017863 0.032107
0 0.611767 0.522391 0.017233 0.027548