0 0.363706 0.848599 0.012285 0.019186
0 0.511452 0.451118 0.012571 0.015282
0 0.196915 0.828820 0.010193 0.014036
0 0.298173 0.683636 0.013146 0.021755
0 0.365612 0.687481 0.011221 0.016359
0 0.373553 0.600469 0.016335 0.018507
0 0.128608 0.671579 0.009655 0.013302
0 0.151644 0.688702 0.011183 0.013768
0 0.283996 0.973637 0.011874 0.013774
0 0.146205 0.523389 0.010645 0.015107
0 0.583979 0.510033 0.011138 0.014208
0 0.085816 0.104559 0.013692 0.016950
0 0.086034 0.035208 0.009469 0.012234
0 0.201556 0.353054 0.010721 0.026930
0 0.122601 0.688760 0.010846 0.016383
0 0.417034 0.732119 0.013351 0.019794
0 0.236322 0.754412 0.012340 0.014833
0 0.166433 0.608173 0.012344 0.018960
0 0.274974 0.107357 0.013104 0.019174
0 0.338140 0.111799 0.011179 0.018455
0 0.169965 0.407911 0.010599 0.014004
0 0.329170 0.801147 0.010189 0.015967
0 0.184419 0.022430 0.012946 0.021196
0 0.300526 0.830630 0.011383 0.017586
0 0.166844 0.073071 0.016273 0.020084
0 0.154627 0.263364 0.011332 0.016582
0 0.209855 0.558821 0.009678 0.015321
0 0.211278 0.774759 0.011818 0.013794
0 0.367059 0.250405 0.011042 0.016988
0 0.460604 0.814099 0.015177 0.016267
0 0.238871 0.729426 0.011749 0.015991
0 0.186718 0.215295 0.011737 0.016292
0 0.274858 0.814033 0.011279 0.015404
0 0.467339 0.180031 0.011242 0.015518
0 0.221690 0.044783 0.010613 0.016493
0 0.179682 0.934601 0.011994 0.014859
0 0.455274 0.334022 0.011033 0.015496
0 0.130755 0.531943 0.012200 0.017841
0 0.119962 0.037756 0.012531 0.017717
0 0.067455 0.067262 0.013046 0.020159
0 0.345080 0.177548 0.012369 0.021555
0 0.019962 0.454283 0.012159 0.019073
0 0.325609 0.152423 0.010485 0.017162
0 0.527447 0.296015 0.010734 0.015554
0 0.309485 0.724000 0.013893 0.017269
0 0.142749 0.710740 0.011585 0.015408
0 0.128782 0.138184 0.015119 0.022020
0 0.006579 0.355576 0.011623 0.019070
0 0.051538 0.117919 0.014657 0.017188
0 0.166781 0.321930 0.021486 0.024480
0 0.500826 0.327908 0.014930 0.017885
0 0.497391 0.181116 0.012861 0.015060
0 0.319820 0.347548 0.011758 0.020235
0 0.288731 0.471519 0.012598 0.017783
0 0.079883 0.646220 0.012791 0.018223
0 0.084230 0.476581 0.013649 0.018669
0 0.163082 0.637436 0.014258 0.016718