0 0.036782 0.227940 0.011785 0.015976
0 0.571716 0.092851 0.010722 0.016154
0 0.064732 0.279575 0.013216 0.024966
0 0.387989 0.170958 0.011841 0.017101
0 0.125075 0.691433 0.014648 0.019131
0 0.636953 0.090404 0.013107 0.019037
0 0.094316 0.986136 0.011079 0.014037
0 0.373377 0.705180 0.011242 0.016029
0 0.085862 0.474666 0.018990 0.019376
0 0.597281 0.046280 0.013203 0.019426
0 0.496580 0.086390 0.011495 0.016943
0 0.360400 0.980370 0.017705 0.023386
0 0.025729 0.307604 0.011160 0.014327
0 0.095727 0.173431 0.011774 0.017830
0 0.580204 0.379850 0.010350 0.016387
0 0.352759 0.816603 0.012299 0.015734
0 0.519664 0.220504 0.014492 0.016454
0 0.138879 0.139412 0.011030 0.017441
0 0.642031 0.389965 0.017624 0.025165
0 0.072380 0.356899 0.012992 0.016413
0 0.327174 0.347051 0.012623 0.020142
0 0.270792 0.881184 0.011335 0.015467
0 0.027309 0.419250 0.011551 0.016954
0 0.246544 0.230241 0.012753 0.016475
0 0.611046 0.451352 0.019715 0.028225
0 0.198013 0.187428 0.012869 0.017609
0 0.332430 0.833261 0.013190 0.017674
0 0.306262 0.341435 0.016181 0.025351
0 0.146607 0.847706 0.015464 0.018160
0 0.131110 0.260015 0.015125 0.018532
0 0.650662 0.062616 0.013563 0.017675
0 0.015518 0.027006 0.015809 0.022582
0 0.154670 0.220960 0.013095 0.017618
0 0.623484 0.247638 0.011156 0.017093
0 0.539702 0.129936 0.013457 0.019124
0 0.302681 0.026932 0.017597 0.020379
0 0.248519 0.941508 0.014787 0.020116
0 0.754225 0.660292 0.013374 0.017675
0 0.700612 0.126798 0.012504 0.016867
0 0.719900 0.675489 0.013833 0.020509
0 0.219423 0.481012 0.017739 0.021757
0 0.863877 0.469060 0.012561 0.018707
0 0.648881 0.194706 0.013697 0.021812