0 0.560385 0.248843 0.019118 0.033200
0 0.807622 0.581647 0.011281 0.019256
0 0.638092 0.683817 0.010773 0.021881
0 0.041781 0.151192 0.014719 0.035115
0 0.211164 0.589496 0.018118 0.026029
0 0.987956 0.498490 0.012482 0.021128
0 0.356152 0.323366 0.013139 0.021819
0 0.719762 0.627418 0.011789 0.024269
0 0.939503 0.995099 0.014962 0.009803
0 0.575431 0.988877 0.017708 0.021882
0 0.432259 0.592575 0.015012 0.029025
0 0.558378 0.866730 0.009627 0.021127
0 0.613878 0.670942 0.013580 0.028012
0 0.617015 0.882936 0.011488 0.025211
0 0.714093 0.546821 0.016807 0.032250
0 0.307843 0.943051 0.014721 0.029384
0 0.536264 0.471655 0.012906 0.027193
0 0.329705 0.651509 0.013012 0.027135
0 0.644734 0.492327 0.013061 0.022442
0 0.454283 0.653362 0.014265 0.022884
0 0.517845 0.399209 0.013468 0.028122
0 0.871132 0.386156 0.029438 0.055257
0 0.994710 0.411957 0.010051 0.027937
0 0.067836 0.328058 0.013830 0.026464
0 0.481320 0.582800 0.012613 0.023271
0 0.829939 0.590355 0.019335 0.026504
0 0.431165 0.527903 0.015689 0.023394
0 0.073285 0.665216 0.012768 0.028692
0 0.872937 0.551154 0.016959 0.024694
0 0.546196 0.629214 0.011260 0.020712
0 0.238088 0.654276 0.021387 0.032745
0 0.723429 0.689593 0.015114 0.021532
0 0.010288 0.652763 0.020242 0.028527
0 0.831650 0.385239 0.032553 0.055752
0 0.432478 0.638446 0.014824 0.032367
0 0.965754 0.535180 0.014174 0.024740
0 0.664059 0.602137 0.015935 0.034630
0 0.841343 0.442483 0.021781 0.040165
0 0.516259 0.678151 0.012090 0.023932
0 0.980442 0.753081 0.011702 0.030068
0 0.178416 0.468417 0.018626 0.027815
0 0.308017 0.295605 0.014727 0.035737
0 0.275587 0.632027 0.020601 0.025185
0 0.038018 0.559756 0.013184 0.028850
0 0.402417 0.667740 0.012916 0.023678
0 0.570685 0.629750 0.013076 0.021716
0 0.452770 0.721265 0.011823 0.021629
0 0.096652 0.401964 0.020184 0.033663
0 0.351097 0.631799 0.013453 0.035526
0 0.310579 0.489749 0.016033 0.030435
0 0.574973 0.810644 0.014187 0.024300
0 0.594144 0.600988 0.016890 0.036171
0 0.870848 0.746325 0.013860 0.023625
0 0.545679 0.127232 0.024360 0.038807
0 0.853992 0.672150 0.016795 0.027373
0 0.130479 0.529338 0.018017 0.026787
0 0.695322 0.710477 0.014946 0.029691
0 0.187337 0.351534 0.026494 0.050554
0 0.525764 0.606577 0.014011 0.025465
0 0.139052 0.478607 0.027438 0.044465
0 0.625544 0.835725 0.015150 0.024313
0 0.961860 0.370401 0.019477 0.040381
0 0.901496 0.815557 0.017111 0.029244
0 0.472857 0.429766 0.030268 0.061429
0 0.792727 0.791628 0.021749 0.036376
0 0.398133 0.614628 0.015694 0.030506
0 0.328268 0.735984 0.019903 0.031392
0 0.178538 0.669800 0.028916 0.053567
0 0.754470 0.569014 0.036074 0.083748
0 0.427030 0.492191 0.019801 0.040142
0 0.681432 0.309955 0.016376 0.032886
0 0.664264 0.302876 0.018489 0.025121
0 0.634946 0.362253 0.013206 0.025121
0 0.623721 0.415235 0.015055 0.023294
0 0.604175 0.391484 0.020338 0.045218
0 0.564424 0.422315 0.016904 0.027405
0 0.738880 0.394225 0.020866 0.034256
0 0.736107 0.359056 0.018489 0.032429
0 0.756444 0.339872 0.014791 0.025121
0 0.780084 0.317035 0.018225 0.033342
0 0.569311 0.340326 0.023210 0.034476
0 0.540894 0.303792 0.014580 0.025214
0 0.488374 0.302763 0.021424 0.032417
0 0.741450 0.293501 0.033029 0.039621