0 0.323067 0.495429 0.031601 0.051688
0 0.967332 0.822254 0.014471 0.025529
0 0.294733 0.735064 0.014654 0.028389
0 0.822737 0.867245 0.039584 0.046972
0 0.444278 0.526415 0.015975 0.027160
0 0.096321 0.525021 0.012794 0.036022
0 0.279062 0.047989 0.021534 0.043721
0 0.366696 0.391953 0.016611 0.031418
0 0.781240 0.726993 0.014411 0.024184
0 0.659453 0.088475 0.026888 0.041365
0 0.522412 0.200765 0.025937 0.050848
0 0.977400 0.780400 0.015020 0.028034
0 0.514989 0.012752 0.018367 0.025494
0 0.295062 0.039589 0.021694 0.044181
0 0.424304 0.100759 0.070339 0.124509
0 0.502515 0.194399 0.025258 0.052549
0 0.336777 0.457837 0.023783 0.031379
0 0.098454 0.314732 0.026106 0.040867
0 0.034124 0.123524 0.021180 0.037416
0 0.452200 0.213250 0.029614 0.049244
0 0.223114 0.047099 0.073167 0.072021
0 0.372442 0.143000 0.023848 0.056328
0 0.464003 0.284072 0.027900 0.055312
0 0.854584 0.560207 0.019102 0.033334
0 0.082594 0.515629 0.014761 0.035774
0 0.403769 0.799679 0.017928 0.037964
0 0.515243 0.320463 0.019504 0.036122
0 0.604575 0.224891 0.016290 0.030621
0 0.584232 0.101944 0.015966 0.032439
0 0.123155 0.074248 0.014010 0.025985
0 0.798718 0.409877 0.037563 0.036355
0 0.918477 0.693312 0.013766 0.028235
0 0.179977 0.159991 0.017398 0.030852
0 0.553535 0.282769 0.039333 0.077672
0 0.751017 0.052966 0.037978 0.064140
0 0.157560 0.179048 0.013697 0.066194
0 0.905000 0.962956 0.013264 0.036007
0 0.664005 0.282498 0.018940 0.035304
0 0.623381 0.164402 0.032515 0.042425
0 0.305636 0.188131 0.027472 0.045896
0 0.133360 0.158596 0.028287 0.057823
0 0.750737 0.963997 0.016459 0.028187
0 0.887650 0.616134 0.025392 0.028484
0 0.767174 0.434917 0.024311 0.036664
0 0.635921 0.639975 0.018024 0.033005
0 0.954492 0.570299 0.014754 0.027569
0 0.793033 0.128957 0.055812 0.065849
0 0.934575 0.788961 0.015196 0.031497
0 0.585803 0.659544 0.019043 0.052303
0 0.673381 0.225087 0.027089 0.042965
0 0.360887 0.171168 0.031064 0.046191
0 0.180079 0.011954 0.023844 0.023907
0 0.914563 0.732591 0.020477 0.037131
0 0.505142 0.367228 0.046173 0.085337
0 0.873446 0.966680 0.015680 0.028908
0 0.048076 0.148088 0.021332 0.049521
0 0.175614 0.133193 0.032502 0.044390
0 0.955656 0.961711 0.015003 0.029826
0 0.104300 0.045044 0.021818 0.032325
0 0.823300 0.509895 0.023760 0.042832
0 0.057199 0.326587 0.021701 0.054735
0 0.667617 0.633558 0.016327 0.034584
0 0.369201 0.035766 0.047939 0.070581
0 0.893366 0.718215 0.017312 0.034816
0 0.966988 0.913310 0.020049 0.029579
0 0.448050 0.797141 0.017855 0.048014
0 0.063835 0.113676 0.018022 0.028114
0 0.936298 0.888345 0.016730 0.040304
0 0.363530 0.211912 0.025322 0.036486
0 0.111715 0.234648 0.023374 0.031095
0 0.870727 0.225132 0.024177 0.047358
0 0.868574 0.285486 0.036433 0.039817
0 0.761496 0.820235 0.032843 0.055878
0 0.755828 0.562123 0.021616 0.040398
0 0.718789 0.774449 0.023313 0.042800
0 0.255420 0.391506 0.026028 0.048169
0 0.875387 0.681426 0.040069 0.040113
0 0.398722 0.352193 0.024117 0.039764
0 0.662326 0.476173 0.079351 0.063636
0 0.723427 0.199144 0.026119 0.047425