0 0.812865 0.713601 0.012310 0.013708
0 0.553944 0.668136 0.015420 0.024903
0 0.040647 0.977755 0.011918 0.012778
0 0.305325 0.717339 0.050523 0.053635
0 0.520324 0.615761 0.021992 0.022276
0 0.765567 0.579084 0.016477 0.019517
0 0.654347 0.520710 0.016092 0.023286
0 0.152773 0.511980 0.020759 0.029177
0 0.284448 0.626770 0.018168 0.020699
0 0.722909 0.966673 0.014228 0.020469
0 0.067478 0.991298 0.016754 0.014886
0 0.872537 0.914221 0.023195 0.030922
0 0.222407 0.407169 0.042892 0.062442
0 0.751354 0.868656 0.027623 0.019542
0 0.788463 0.752924 0.029793 0.022587
0 0.743232 0.751365 0.025752 0.026346
0 0.763867 0.756206 0.015604 0.016594
0 0.699023 0.666377 0.015257 0.014382
0 0.663247 0.600880 0.014319 0.013119
0 0.632406 0.599552 0.017012 0.012963
0 0.614048 0.629304 0.010158 0.012807
0 0.602116 0.596116 0.009791 0.009527
0 0.725603 0.595023 0.012239 0.012963
0 0.748856 0.667881 0.011015 0.010933
0 0.782923 0.835233 0.019273 0.020402
0 0.928233 0.756699 0.015987 0.016489
0 0.583043 0.466841 0.011238 0.017588
0 0.598203 0.460482 0.012722 0.019482
0 0.563642 0.483616 0.020355 0.028411
0 0.577530 0.480099 0.013782 0.015423
0 0.482858 0.488487 0.013146 0.012176
0 0.493990 0.502016 0.009117 0.013258
0 0.579438 0.554373 0.018447 0.026517
0 0.565444 0.575749 0.021415 0.032469
0 0.382461 0.529480 0.012510 0.016235
0 0.327651 0.438565 0.018235 0.024893
0 0.425291 0.431395 0.009541 0.012717
0 0.458368 0.438159 0.012510 0.014341
0 0.467910 0.432071 0.011238 0.016235
0 0.486993 0.413942 0.017175 0.020023
0 0.486463 0.430718 0.011026 0.012447
0 0.484448 0.446141 0.007845 0.011905
0 0.493036 0.451688 0.011450 0.013258
0 0.477239 0.458453 0.009541 0.011635
0 0.533852 0.431395 0.017175 0.017046
0 0.589404 0.435859 0.012086 0.011364
0 0.598839 0.435589 0.009753 0.013529
0 0.595871 0.420030 0.010602 0.010553
0 0.636475 0.423142 0.009117 0.010282
0 0.686111 0.432862 0.016222 0.022642
0 0.657891 0.440840 0.012842 0.009272
0 0.709514 0.417120 0.013349 0.011429
0 0.765531 0.418091 0.005407 0.010351
0 0.762405 0.410543 0.010646 0.008194
0 0.681210 0.393076 0.012167 0.013370
0 0.703178 0.395772 0.009125 0.010566
0 0.707064 0.382726 0.010139 0.010351
0 0.719991 0.385853 0.010984 0.010998
0 0.729454 0.382079 0.010984 0.010351
0 0.756913 0.394586 0.012167 0.012076
0 0.669073 0.505773 0.011491 0.010351
0 0.739537 0.531650 0.012842 0.012938