0 0.324865 0.593244 0.016633 0.026898
0 0.065905 0.612630 0.014448 0.018176
0 0.089194 0.347939 0.013238 0.020160
0 0.280938 0.043625 0.017719 0.024036
0 0.108382 0.085629 0.012861 0.021231
0 0.106108 0.486582 0.011794 0.015812
0 0.118769 0.218734 0.013621 0.020485
0 0.215656 0.198863 0.020582 0.024923
0 0.029839 0.255797 0.011076 0.016393
0 0.051510 0.193422 0.010770 0.017043
0 0.016365 0.127986 0.012778 0.019912
0 0.315196 0.499637 0.015686 0.030981
0 0.049968 0.351636 0.012703 0.023631
0 0.103490 0.264535 0.016202 0.023829
0 0.084425 0.177974 0.011172 0.017181
0 0.213172 0.057303 0.014503 0.018644
0 0.050771 0.499442 0.012210 0.016655
0 0.056253 0.029015 0.012361 0.017434
0 0.088214 0.057955 0.012142 0.019781
0 0.119199 0.363862 0.014466 0.021748
0 0.119586 0.736681 0.020346 0.034294
0 0.052624 0.049928 0.013161 0.020753
0 0.374736 0.315573 0.020019 0.023034
0 0.402294 0.354264 0.013188 0.018803
0 0.073659 0.104426 0.013498 0.019252
0 0.363601 0.518044 0.014066 0.020817
0 0.184005 0.259328 0.014716 0.022554
0 0.098951 0.451066 0.013045 0.017429
0 0.453449 0.352797 0.016670 0.022273
0 0.186003 0.518810 0.015251 0.021345
0 0.279659 0.520448 0.016197 0.021146