0 0.157388 0.752305 0.015943 0.025528
0 0.041326 0.536137 0.014059 0.021467
0 0.698287 0.257668 0.021726 0.027031
0 0.949616 0.341625 0.020351 0.026773
0 0.067361 0.731858 0.018394 0.027530
0 0.607648 0.601183 0.021355 0.041260
0 0.363354 0.035907 0.016320 0.024325
0 0.257620 0.061754 0.015389 0.021721
0 0.236142 0.006027 0.040875 0.012046
0 0.590948 0.664261 0.023023 0.032998
0 0.652608 0.375501 0.025519 0.040132
0 0.450638 0.318442 0.015802 0.024946
0 0.280608 0.788030 0.015075 0.019424
0 0.736636 0.689455 0.018590 0.029246
0 0.744801 0.732572 0.015331 0.024661
0 0.275417 0.696514 0.031321 0.028327
0 0.897713 0.797546 0.020670 0.030551
0 0.623993 0.729698 0.020501 0.036482
0 0.326564 0.689876 0.018642 0.026827
0 0.668724 0.497198 0.021432 0.032329
0 0.309821 0.578180 0.017842 0.028335
0 0.390887 0.457582 0.023144 0.028924