0 0.142213 0.928940 0.010422 0.021692
0 0.023594 0.631467 0.009158 0.018298
0 0.273320 0.239385 0.006987 0.015721
0 0.411000 0.684621 0.008168 0.016008
0 0.230829 0.604313 0.009121 0.018628
0 0.421393 0.588364 0.009261 0.019066
0 0.707540 0.390321 0.015671 0.026567
0 0.109506 0.322494 0.008510 0.018983
0 0.071609 0.677617 0.013427 0.022644
0 0.364093 0.223784 0.013327 0.030019
0 0.158575 0.386348 0.009427 0.017510
0 0.408942 0.785745 0.012624 0.031396
0 0.586784 0.656062 0.009553 0.025502
0 0.468642 0.291057 0.008566 0.017264
0 0.517472 0.087493 0.010251 0.023031
0 0.147047 0.510026 0.010207 0.021472
0 0.103594 0.077529 0.010257 0.023523
0 0.344189 0.382457 0.013313 0.029195
0 0.223868 0.777026 0.007475 0.015836
0 0.410771 0.216027 0.010715 0.025735
0 0.499478 0.201513 0.009614 0.021193
0 0.480077 0.475402 0.009520 0.020626
0 0.547804 0.178815 0.012496 0.025528
0 0.574945 0.166073 0.010409 0.020843
0 0.489079 0.307319 0.012083 0.022234
0 0.539403 0.549707 0.012932 0.027399
0 0.109277 0.622403 0.014359 0.029306
0 0.126573 0.262190 0.009679 0.020293
0 0.137307 0.232176 0.010838 0.022675
0 0.480842 0.606952 0.013622 0.027764
0 0.264226 0.265712 0.010698 0.022171
0 0.511713 0.326098 0.012715 0.023858
0 0.612569 0.027673 0.016519 0.033516
0 0.098860 0.406051 0.009805 0.023363
0 0.136397 0.453951 0.010205 0.020181
0 0.438090 0.237532 0.008716 0.024810
0 0.264803 0.728163 0.008946 0.017394
0 0.140270 0.957363 0.018460 0.032400
0 0.385335 0.582534 0.013789 0.026068
0 0.110105 0.872199 0.014244 0.025955
0 0.401029 0.024893 0.020517 0.042089
0 0.107522 0.690113 0.010819 0.021563
0 0.459168 0.439846 0.014909 0.028255
0 0.071139 0.890032 0.011969 0.025708
0 0.113777 0.786122 0.014078 0.028081
0 0.113127 0.111025 0.017968 0.037527
0 0.064499 0.141471 0.023985 0.046652