0 0.331265 0.939620 0.011458 0.019672
0 0.493707 0.157087 0.017172 0.019279
0 0.524933 0.729448 0.015714 0.026818
0 0.632497 0.387787 0.009446 0.017455
0 0.512236 0.352519 0.010891 0.014544
0 0.174695 0.838350 0.011361 0.020799
0 0.586072 0.752387 0.014751 0.021360
0 0.170418 0.739454 0.011270 0.020754
0 0.872095 0.020495 0.019242 0.036818
0 0.558638 0.835984 0.014477 0.021409
0 0.099340 0.573942 0.016287 0.027027
0 0.285102 0.056184 0.017663 0.032913
0 0.454168 0.367794 0.012757 0.015081
0 0.193471 0.678222 0.012290 0.022526
0 0.309440 0.630213 0.011285 0.019058
0 0.857495 0.655094 0.018642 0.033890
0 0.297914 0.658798 0.013741 0.026217
0 0.373687 0.280920 0.010902 0.015284
0 0.229395 0.593549 0.013244 0.023984
0 0.590551 0.836372 0.027946 0.050336
0 0.194614 0.974655 0.016746 0.028617
0 0.390910 0.360816 0.011270 0.015587
0 0.341242 0.282856 0.009642 0.013802
0 0.569298 0.577683 0.013328 0.016558
0 0.377954 0.978163 0.011848 0.015531
0 0.400370 0.085672 0.011918 0.015087
0 0.589121 0.771541 0.013944 0.026233
0 0.566577 0.368879 0.010169 0.020796
0 0.893630 0.506189 0.012936 0.027240
0 0.093318 0.214317 0.014400 0.022533
0 0.031775 0.304290 0.014714 0.025501
0 0.154411 0.272537 0.010318 0.015823
0 0.266711 0.266580 0.009779 0.018281
0 0.514486 0.456947 0.011939 0.015930
0 0.082038 0.226590 0.014795 0.018337
0 0.256301 0.049013 0.010313 0.020812
0 0.439494 0.104658 0.013218 0.017306
0 0.553323 0.956424 0.013680 0.016941
0 0.506496 0.942841 0.012623 0.018110
0 0.446991 0.276196 0.011542 0.014417
0 0.464524 0.435562 0.022521 0.026086
0 0.823262 0.527136 0.017708 0.034545
0 0.884370 0.192176 0.019255 0.035504
0 0.481689 0.941569 0.015020 0.016139
0 0.387301 0.058359 0.014099 0.016009
0 0.681431 0.744848 0.017085 0.031360
0 0.190213 0.286376 0.013818 0.017597
0 0.186084 0.092422 0.011769 0.019137
0 0.271528 0.530702 0.009763 0.019894
0 0.313273 0.215227 0.010811 0.015513
0 0.375129 0.240714 0.010946 0.017730
0 0.561190 0.646595 0.014612 0.023262
0 0.419508 0.426781 0.022655 0.032829
0 0.353303 0.232728 0.014485 0.017853
0 0.434604 0.619292 0.019665 0.023211
0 0.605731 0.385417 0.012984 0.020950