0 0.407372 0.035860 0.057916 0.071606
0 0.571783 0.563033 0.020142 0.036283
0 0.757672 0.990074 0.020526 0.018640
0 0.715350 0.627041 0.023939 0.057132
0 0.972549 0.879197 0.014083 0.034343
0 0.564051 0.557500 0.034457 0.061541
0 0.841179 0.668196 0.020742 0.044828
0 0.573225 0.672142 0.025335 0.056323
0 0.909482 0.451875 0.024794 0.056785
0 0.795892 0.235807 0.027388 0.055784
0 0.670776 0.778285 0.023093 0.040342
0 0.679614 0.821809 0.017423 0.040949
0 0.737086 0.871767 0.023933 0.039100
0 0.760542 0.461335 0.021881 0.050354