0 0.901703 0.962079 0.017033 0.035934
0 0.899639 0.328117 0.015583 0.037294
0 0.390787 0.966957 0.013432 0.028664
0 0.078727 0.494253 0.007845 0.019699
0 0.147139 0.354144 0.011044 0.023445
0 0.140184 0.410316 0.009073 0.021724
0 0.134025 0.233100 0.017660 0.033248
0 0.962920 0.407287 0.009987 0.025103
0 0.142850 0.532240 0.009185 0.024530
0 0.113626 0.279194 0.009238 0.020450
0 0.088083 0.271246 0.008935 0.024155
0 0.245229 0.218008 0.018237 0.043464
0 0.610808 0.784304 0.018110 0.037626
0 0.714020 0.417456 0.025240 0.069795
0 0.238940 0.297605 0.015015 0.030531
0 0.900434 0.331990 0.020101 0.050249
0 0.839739 0.837539 0.017558 0.040008
0 0.964549 0.245100 0.010870 0.028233
0 0.174377 0.176746 0.021104 0.047225
0 0.052167 0.311930 0.025285 0.059248
0 0.140771 0.276510 0.021566 0.047735
0 0.059967 0.403637 0.017288 0.038157
0 0.709297 0.860659 0.019311 0.040385
0 0.328876 0.808323 0.050383 0.107153