0 0.035947 0.274155 0.017398 0.025557
0 0.687073 0.990826 0.010312 0.015165
0 0.769304 0.990026 0.011808 0.017636
0 0.876681 0.937414 0.011247 0.029886
0 0.090427 0.280117 0.044369 0.118959
0 0.716776 0.574167 0.014054 0.022878
0 0.870397 0.829189 0.046105 0.089360
0 0.712507 0.979900 0.011039 0.021438
0 0.336899 0.566383 0.015719 0.045499
0 0.791984 0.455625 0.010654 0.019587
0 0.916965 0.983361 0.016151 0.029742
0 0.959714 0.676894 0.013187 0.029107
0 0.803884 0.942876 0.012908 0.025877
0 0.819394 0.854548 0.017630 0.028042
0 0.825395 0.914365 0.013725 0.026807
0 0.789636 0.541874 0.016560 0.027311
0 0.792468 0.627407 0.011360 0.024275
0 0.877251 0.354886 0.016858 0.023684
0 0.576755 0.718462 0.012598 0.022805
0 0.453372 0.679687 0.018418 0.024011
0 0.845204 0.744263 0.015953 0.035015
0 0.822934 0.469003 0.011285 0.021455
0 0.678183 0.819629 0.013246 0.027989
0 0.901601 0.316717 0.015261 0.024573
0 0.596091 0.805720 0.017815 0.040903
0 0.764989 0.753553 0.014281 0.031879
0 0.335754 0.849346 0.020830 0.043520
0 0.480429 0.432698 0.023886 0.042471