0 0.344753 0.296272 0.010855 0.033527
0 0.965183 0.587738 0.008615 0.022172
0 0.917694 0.731754 0.008694 0.021171
0 0.798445 0.553831 0.009689 0.025321
0 0.529966 0.071084 0.009870 0.028449
0 0.898318 0.535152 0.010744 0.026935
0 0.437604 0.846847 0.014237 0.034583
0 0.456560 0.553580 0.012702 0.033702
0 0.980667 0.298947 0.009066 0.023663
0 0.386164 0.151378 0.010320 0.025372
0 0.435538 0.935028 0.014840 0.048557
0 0.447509 0.619348 0.012415 0.026978
0 0.296952 0.469662 0.009466 0.024881
0 0.915154 0.709273 0.009452 0.023405
0 0.389837 0.653164 0.009936 0.024611
0 0.921329 0.803462 0.009681 0.025650
0 0.467448 0.441498 0.012234 0.028604
0 0.499854 0.164159 0.009830 0.027699
0 0.932126 0.985402 0.012793 0.027848
0 0.905212 0.627768 0.009342 0.025673
0 0.442536 0.747672 0.013389 0.039146
0 0.917684 0.274734 0.010179 0.024632
0 0.573234 0.384306 0.010313 0.026754
0 0.458444 0.171573 0.010172 0.028491
0 0.751547 0.533081 0.011351 0.031664
0 0.726406 0.369979 0.012210 0.032555
0 0.463048 0.461205 0.012976 0.028562