0 0.356299 0.654453 0.016167 0.037334
0 0.418496 0.731703 0.009445 0.024083
0 0.510066 0.124287 0.016340 0.033616
0 0.447836 0.226046 0.013914 0.034379
0 0.417200 0.403794 0.013612 0.030250
0 0.354118 0.202920 0.017490 0.036979
0 0.822909 0.096028 0.019518 0.047178
0 0.518972 0.490179 0.021940 0.054720
0 0.939845 0.371558 0.029618 0.078061
0 0.567259 0.549061 0.019892 0.047908
0 0.846997 0.189840 0.030211 0.057119
0 0.421766 0.571854 0.011742 0.029587
0 0.466691 0.063839 0.042606 0.092571
0 0.685545 0.726890 0.016780 0.038753
0 0.559885 0.357185 0.023532 0.051019