0 0.090720 0.105626 0.008394 0.018164
0 0.234860 0.454608 0.007219 0.022171
0 0.656643 0.409966 0.013154 0.027277
0 0.575168 0.384141 0.012293 0.027356
0 0.674677 0.736691 0.014457 0.038798
0 0.768779 0.291297 0.012202 0.027740
0 0.139911 0.674123 0.014351 0.029676
0 0.015710 0.707420 0.008215 0.020575
0 0.034388 0.125089 0.006649 0.017774
0 0.135934 0.981527 0.020161 0.036697
0 0.021114 0.308096 0.009492 0.020066
0 0.082473 0.529030 0.006844 0.017701
0 0.101221 0.761475 0.022224 0.047210
0 0.057127 0.756102 0.006474 0.017383
0 0.532105 0.041781 0.021367 0.048138
0 0.089541 0.314111 0.009441 0.017665
0 0.900893 0.972013 0.007941 0.017727
0 0.696934 0.856967 0.008043 0.019353
0 0.630253 0.917686 0.007083 0.017588
0 0.208205 0.577791 0.006807 0.016170
0 0.149661 0.372598 0.007763 0.016238
0 0.557876 0.693193 0.008698 0.019348
0 0.608797 0.685871 0.007766 0.017256
0 0.995576 0.686269 0.007206 0.019399
0 0.354161 0.176342 0.042414 0.095700
0 0.089721 0.549944 0.007534 0.017360
0 0.429897 0.977046 0.008102 0.018229
0 0.799647 0.131972 0.015078 0.035263
0 0.251498 0.716937 0.010121 0.025258
0 0.749739 0.849848 0.007173 0.017537
0 0.976966 0.725268 0.008124 0.018358
0 0.887179 0.674768 0.008324 0.017982