0 0.855719 0.615452 0.013917 0.027751
0 0.114563 0.633890 0.021641 0.023082
0 0.839798 0.145219 0.017313 0.021612
0 0.142136 0.899006 0.024927 0.027746
0 0.661434 0.862282 0.014419 0.028687
0 0.099351 0.810770 0.018838 0.017263
0 0.907265 0.037118 0.015882 0.019188
0 0.174872 0.885949 0.024819 0.021699
0 0.917979 0.820065 0.013634 0.029126
0 0.087275 0.774137 0.018080 0.017338
0 0.921894 0.498755 0.012261 0.024187
0 0.990507 0.081208 0.013498 0.018422
0 0.102979 0.710733 0.013265 0.026232
0 0.042515 0.553482 0.019521 0.016895
0 0.901318 0.106671 0.015986 0.018393
0 0.187740 0.725693 0.016569 0.018081
0 0.640594 0.724165 0.026037 0.028010
0 0.205227 0.896378 0.018331 0.023816
0 0.063565 0.742749 0.016645 0.018720
0 0.343776 0.615820 0.028037 0.031526
0 0.278917 0.722992 0.012222 0.024359
0 0.719064 0.935109 0.019772 0.037485
0 0.240237 0.725716 0.020857 0.020043
0 0.919716 0.115197 0.018140 0.018611
0 0.048346 0.687279 0.015867 0.015694
0 0.767471 0.079577 0.022986 0.021292
0 0.129438 0.876437 0.021171 0.022183
0 0.177115 0.668588 0.017402 0.033361
0 0.119233 0.902629 0.018787 0.031101
0 0.058662 0.651274 0.022028 0.024571
0 0.830469 0.120482 0.023750 0.020861
0 0.167224 0.908703 0.023110 0.027245
0 0.983600 0.102487 0.020789 0.019378
0 0.581272 0.576437 0.024860 0.029880