0 0.385484 0.729612 0.006794 0.013317
0 0.232034 0.637246 0.008094 0.015028
0 0.700801 0.096923 0.009369 0.017959
0 0.759497 0.184360 0.011912 0.018730
0 0.468917 0.851626 0.006317 0.010480
0 0.120790 0.459631 0.009045 0.014186
0 0.842590 0.078108 0.010121 0.017417
0 0.156853 0.559972 0.008228 0.017496
0 0.404614 0.505968 0.006110 0.010069
0 0.686146 0.658214 0.009128 0.017537
0 0.661570 0.046731 0.011076 0.018164
0 0.054371 0.243578 0.006357 0.010928
0 0.130720 0.150016 0.008123 0.014163
0 0.197050 0.381414 0.006071 0.010770
0 0.672593 0.418184 0.008117 0.011005
0 0.734414 0.655439 0.008297 0.016129
0 0.125327 0.505597 0.006766 0.011392
0 0.171381 0.291247 0.008018 0.014882
0 0.438902 0.425561 0.008843 0.014961
0 0.421315 0.118184 0.011197 0.019309
0 0.869003 0.482936 0.008458 0.016358
0 0.408716 0.454695 0.011419 0.015605
0 0.078255 0.185730 0.009962 0.019037
0 0.445949 0.520588 0.006551 0.010880
0 0.700123 0.789008 0.009920 0.017183
0 0.146709 0.865491 0.009672 0.017094
0 0.987306 0.516350 0.015679 0.038932
0 0.126770 0.425198 0.010030 0.019869
0 0.352605 0.625522 0.008005 0.012265
0 0.159324 0.749309 0.008067 0.013835
0 0.235587 0.673831 0.009539 0.015477
0 0.308908 0.502098 0.007164 0.012384
0 0.429114 0.799374 0.010802 0.019339
0 0.255031 0.189924 0.012431 0.021963
0 0.332781 0.436724 0.007454 0.013694
0 0.882510 0.542193 0.010902 0.021694
0 0.405811 0.632319 0.010623 0.022126