0 0.064951 0.443702 0.015636 0.035402
0 0.820770 0.363153 0.013414 0.018309
0 0.763903 0.799998 0.009874 0.018816
0 0.318196 0.631171 0.010667 0.018274
0 0.847955 0.342362 0.011112 0.020580
0 0.088346 0.342831 0.010071 0.019195
0 0.822518 0.822817 0.009634 0.015289
0 0.923270 0.841491 0.014046 0.021920
0 0.640799 0.249343 0.009372 0.017470
0 0.448724 0.427309 0.009635 0.016172
0 0.274150 0.624832 0.010215 0.017045
0 0.204537 0.512572 0.010011 0.018571
0 0.649471 0.062404 0.016177 0.028353
0 0.347304 0.498651 0.013074 0.019563
0 0.668851 0.671547 0.009870 0.018366
0 0.662458 0.792738 0.012015 0.022275
0 0.794088 0.430409 0.012069 0.016868
0 0.527787 0.230500 0.010181 0.020770
0 0.226508 0.852800 0.013006 0.020547
0 0.367895 0.290529 0.013182 0.022172
0 0.706502 0.185943 0.010698 0.018308
0 0.925422 0.781142 0.012236 0.022698
0 0.404957 0.521148 0.011646 0.020869
0 0.935886 0.049422 0.011588 0.020053
0 0.183499 0.176274 0.011898 0.023473
0 0.477385 0.012045 0.012590 0.023364
0 0.380791 0.279511 0.011025 0.023278
0 0.108441 0.731634 0.011436 0.020313
0 0.205516 0.859814 0.012007 0.021106
0 0.381130 0.756377 0.011132 0.022313
0 0.711606 0.836646 0.010043 0.018484
0 0.933320 0.975375 0.013444 0.024547
0 0.720084 0.427171 0.011294 0.022474
0 0.590243 0.061723 0.011951 0.023799
0 0.427390 0.557929 0.016899 0.017778
0 0.736080 0.040532 0.011816 0.021364
0 0.061658 0.054870 0.013696 0.025011
0 0.460053 0.750107 0.012426 0.022949
0 0.754851 0.193072 0.013300 0.022173
0 0.311314 0.739451 0.012302 0.024019
0 0.197199 0.642318 0.013419 0.024757
0 0.043441 0.464823 0.015289 0.027111
0 0.581568 0.575470 0.012674 0.026210
0 0.356892 0.887796 0.014469 0.026598
0 0.686572 0.308509 0.011676 0.022192
0 0.934218 0.870380 0.020090 0.037000
0 0.481488 0.438190 0.012138 0.021742
0 0.732857 0.445994 0.018687 0.032009
0 0.395459 0.328631 0.015136 0.027518
0 0.161324 0.254603 0.017619 0.028146
0 0.036118 0.915254 0.030783 0.051252