0 0.313487 0.326336 0.012362 0.026315
0 0.353916 0.923277 0.008870 0.017148
0 0.361800 0.805010 0.012350 0.023652
0 0.210170 0.459608 0.013798 0.027425
0 0.413418 0.407280 0.010161 0.022778
0 0.060943 0.399715 0.007995 0.018707
0 0.829873 0.344226 0.015042 0.030359
0 0.105914 0.612045 0.021114 0.036977
0 0.494676 0.291116 0.008180 0.018163
0 0.911229 0.537915 0.010258 0.022185
0 0.399857 0.367488 0.008627 0.019655
0 0.425126 0.325987 0.010726 0.021607
0 0.769593 0.507673 0.011125 0.024950
0 0.507227 0.812890 0.010168 0.019865
0 0.164031 0.396584 0.009279 0.019844
0 0.253297 0.284897 0.014416 0.028410
0 0.548071 0.612127 0.008905 0.017687
0 0.056492 0.573270 0.012954 0.034163
0 0.729832 0.484198 0.008892 0.018596
0 0.239175 0.838979 0.012261 0.025898
0 0.218211 0.920025 0.017362 0.034028
0 0.052424 0.272523 0.011626 0.023902
0 0.129688 0.415649 0.010773 0.019393
0 0.603360 0.235868 0.009919 0.025849
0 0.754064 0.192399 0.010605 0.021024
0 0.582118 0.448984 0.008959 0.019410
0 0.545308 0.748521 0.012435 0.024409
0 0.016655 0.754507 0.009280 0.018076
0 0.501259 0.556295 0.008653 0.017130
0 0.569376 0.533970 0.009264 0.018977
0 0.184685 0.186705 0.018295 0.043944
0 0.335820 0.103805 0.016802 0.035096
0 0.698979 0.395699 0.011601 0.023567
0 0.929126 0.976381 0.011126 0.032503
0 0.621063 0.423889 0.012063 0.027069
0 0.485300 0.947276 0.012537 0.025138
0 0.195910 0.410500 0.016550 0.033342
0 0.292886 0.204170 0.014331 0.033442
0 0.674182 0.472664 0.011909 0.023226
0 0.593518 0.488192 0.010379 0.020407
0 0.360586 0.053513 0.017217 0.035392
0 0.922518 0.584384 0.015327 0.031391
0 0.507510 0.240655 0.011890 0.027028
0 0.044564 0.445502 0.012100 0.020080
0 0.206978 0.091880 0.022452 0.046878
0 0.633628 0.325398 0.010099 0.020342
0 0.376169 0.511997 0.010093 0.021371
0 0.878974 0.796786 0.013753 0.031192
0 0.260188 0.320502 0.017205 0.056865
0 0.653825 0.722819 0.014201 0.028270
0 0.125286 0.563993 0.015199 0.030985
0 0.989400 0.061060 0.018907 0.042276
0 0.064017 0.701617 0.018098 0.038854
0 0.868048 0.352726 0.017935 0.035013
0 0.092471 0.418415 0.015723 0.029944
0 0.893653 0.886610 0.014427 0.032233
0 0.028631 0.578839 0.017243 0.034226