0 0.699820 0.710269 0.011257 0.024070
0 0.375776 0.123435 0.008935 0.021167
0 0.850346 0.192996 0.008877 0.018854
0 0.515598 0.235373 0.009460 0.020365
0 0.319370 0.097888 0.008682 0.018199
0 0.265387 0.211331 0.008338 0.017561
0 0.838843 0.098426 0.011179 0.021053
0 0.867250 0.013693 0.008496 0.019734
0 0.933486 0.041696 0.008753 0.019817
0 0.714527 0.771319 0.010820 0.021142
0 0.845146 0.602880 0.009094 0.023213
0 0.574346 0.617480 0.009429 0.018767
0 0.203148 0.151150 0.009426 0.020411
0 0.307013 0.156927 0.009167 0.020279
0 0.203152 0.087212 0.008173 0.018788
0 0.611756 0.013264 0.009037 0.018234
0 0.407950 0.157897 0.010122 0.022352
0 0.700522 0.677690 0.008569 0.020095
0 0.910998 0.271777 0.011096 0.020513
0 0.020358 0.197448 0.010985 0.021835
0 0.469781 0.169632 0.010114 0.024703
0 0.911792 0.028351 0.008721 0.017501
0 0.275517 0.145601 0.009688 0.019497
0 0.364285 0.139394 0.009607 0.021689
0 0.894384 0.221287 0.009001 0.020440
0 0.897011 0.039537 0.009150 0.020663
0 0.022231 0.341673 0.008717 0.019574
0 0.733612 0.755356 0.008713 0.020675
0 0.089943 0.052650 0.009290 0.018580
0 0.914370 0.089650 0.009062 0.019507
0 0.391199 0.414966 0.010129 0.022721
0 0.462567 0.739683 0.012867 0.022574
0 0.303180 0.226880 0.009184 0.018645
0 0.259467 0.100368 0.009717 0.020297
0 0.165011 0.286508 0.010580 0.021551
0 0.333622 0.274180 0.011375 0.023890
0 0.292340 0.045757 0.009103 0.019036
0 0.782642 0.044615 0.009721 0.021666
0 0.744065 0.902483 0.009184 0.020168
0 0.431222 0.095741 0.009374 0.019602
0 0.007350 0.364429 0.011229 0.020358
0 0.500424 0.152876 0.009632 0.022905
0 0.342275 0.085476 0.009871 0.020108
0 0.894425 0.524456 0.009090 0.020719
0 0.316490 0.066274 0.009842 0.021443
0 0.143185 0.266891 0.009373 0.022397
0 0.876642 0.739847 0.011079 0.023674
0 0.768284 0.090234 0.009887 0.018453
0 0.851996 0.013067 0.009110 0.016472
0 0.453829 0.356352 0.010493 0.022409
0 0.181042 0.180336 0.013219 0.023799
0 0.595382 0.171947 0.012865 0.025235
0 0.683413 0.052891 0.012959 0.024238
0 0.908730 0.304622 0.011662 0.022405
0 0.939996 0.021552 0.012906 0.024701