0 0.388375 0.471193 0.016384 0.022189
0 0.369353 0.433642 0.011576 0.019330
0 0.408522 0.957443 0.010376 0.017048
0 0.249226 0.612268 0.011746 0.020383
0 0.397157 0.058355 0.009252 0.016928
0 0.437105 0.368560 0.018320 0.031740
0 0.111201 0.885976 0.016065 0.028976
0 0.875105 0.063941 0.014628 0.021393
0 0.225930 0.737958 0.015957 0.023742
0 0.135175 0.149254 0.015930 0.029025
0 0.314221 0.045491 0.015026 0.028647
0 0.523983 0.441638 0.010979 0.022810
0 0.386082 0.697889 0.009966 0.020075
0 0.640102 0.961662 0.014701 0.019976
0 0.275736 0.943377 0.013662 0.026187
0 0.294850 0.298826 0.011222 0.021691
0 0.358194 0.534746 0.011244 0.022816
0 0.566463 0.497702 0.011768 0.025695
0 0.302463 0.734623 0.011128 0.017862
0 0.599084 0.036920 0.013840 0.028971
0 0.360554 0.892476 0.019904 0.019848
0 0.399431 0.826881 0.011458 0.019135
0 0.114558 0.579635 0.013256 0.026312
0 0.517658 0.126310 0.022023 0.022805
0 0.167202 0.765713 0.011187 0.021861
0 0.244635 0.891103 0.021155 0.020504
0 0.420970 0.482813 0.011922 0.025426
0 0.381464 0.023764 0.014277 0.022868
0 0.558583 0.204891 0.013133 0.022813
0 0.332547 0.112256 0.014952 0.021955
0 0.245748 0.464412 0.022088 0.031511
0 0.320936 0.531612 0.013858 0.022326
0 0.471942 0.714659 0.012340 0.025178
0 0.401728 0.269849 0.012991 0.021115
0 0.319800 0.791079 0.013829 0.022336
0 0.584159 0.180921 0.014746 0.020570
0 0.205174 0.809196 0.019258 0.026884
0 0.458757 0.627162 0.015977 0.029980
0 0.308053 0.558064 0.018970 0.026395
0 0.242480 0.712170 0.018167 0.030747
0 0.350454 0.361296 0.011430 0.020447
0 0.476477 0.296224 0.013765 0.024498
0 0.361651 0.578905 0.015026 0.023315
0 0.201189 0.594423 0.026722 0.037665
0 0.453658 0.469019 0.020814 0.024203
0 0.290818 0.456594 0.014877 0.026102
0 0.376580 0.603238 0.018867 0.033219
0 0.395704 0.357161 0.018445 0.028904
0 0.508811 0.735147 0.020231 0.036421
0 0.377642 0.457970 0.019365 0.029859
0 0.327970 0.403329 0.013880 0.028405
0 0.276941 0.567545 0.020701 0.028603