0 0.575370 0.490729 0.008826 0.015586
0 0.986786 0.641566 0.012507 0.029165
0 0.806138 0.688641 0.009475 0.019376
0 0.336817 0.655594 0.010258 0.017190
0 0.086761 0.491195 0.010107 0.022541
0 0.566311 0.066213 0.017820 0.028921
0 0.589570 0.591532 0.009454 0.017572
0 0.673636 0.123551 0.009348 0.017201
0 0.594457 0.229420 0.010036 0.019792
0 0.666155 0.649874 0.008884 0.016493
0 0.182299 0.579464 0.009017 0.017831
0 0.135214 0.416454 0.010872 0.023077
0 0.570054 0.139644 0.011582 0.021402
0 0.766880 0.038572 0.011395 0.020783
0 0.320666 0.830795 0.010200 0.017260
0 0.861059 0.595501 0.015078 0.022693
0 0.468349 0.871635 0.008804 0.014721
0 0.676284 0.045710 0.011045 0.023276
0 0.804604 0.301414 0.010677 0.017781
0 0.068202 0.389948 0.012160 0.027002
0 0.614006 0.635108 0.009633 0.017560
0 0.353395 0.853723 0.008686 0.018219
0 0.525067 0.508567 0.008871 0.018528
0 0.505487 0.193177 0.010921 0.020991
0 0.828790 0.379392 0.012347 0.024534
0 0.597719 0.825142 0.008475 0.016667
0 0.885330 0.873401 0.013145 0.024941
0 0.867444 0.412483 0.011079 0.020041
0 0.303995 0.941791 0.010863 0.020106
0 0.546697 0.766952 0.011128 0.018921
0 0.583355 0.497356 0.010201 0.016615
0 0.517845 0.474125 0.013252 0.019689
0 0.633476 0.774601 0.009326 0.018630
0 0.931134 0.930245 0.019905 0.034543
0 0.954801 0.091930 0.013177 0.021402
0 0.578609 0.839824 0.009581 0.017886
0 0.564522 0.409169 0.011211 0.019059
0 0.677336 0.627885 0.009803 0.021228
0 0.524868 0.545807 0.011371 0.019995
0 0.658546 0.381814 0.018102 0.028756
0 0.936408 0.494658 0.013244 0.022760
0 0.678546 0.661784 0.010384 0.017753
0 0.722691 0.679494 0.009937 0.019261
0 0.609828 0.420311 0.014010 0.023886
0 0.637395 0.650805 0.010581 0.018562
0 0.898022 0.378988 0.014333 0.022038
0 0.908037 0.615262 0.010131 0.021695
0 0.767038 0.881417 0.012574 0.021134
0 0.742360 0.536575 0.010160 0.018422
0 0.871391 0.639000 0.011596 0.022926
0 0.592356 0.677124 0.010259 0.019169