0 0.146896 0.828826 0.016635 0.030471
0 0.720716 0.967587 0.024883 0.043361
0 0.357301 0.757080 0.018520 0.038179
0 0.614318 0.249637 0.018010 0.037900
0 0.283673 0.816293 0.018538 0.038365
0 0.574932 0.136288 0.018067 0.035533
0 0.448491 0.456762 0.019984 0.034650
0 0.653655 0.673796 0.018093 0.036029
0 0.520701 0.117882 0.023454 0.044362
0 0.375287 0.638704 0.016755 0.034355
0 0.654743 0.265106 0.019919 0.042122
0 0.414585 0.670343 0.021714 0.045984
0 0.347865 0.824483 0.018067 0.043654
0 0.411181 0.530927 0.017503 0.036586
0 0.639505 0.630139 0.025495 0.044181
0 0.531284 0.172482 0.042026 0.061213