0 0.930061 0.550123 0.017273 0.040749
0 0.902499 0.230320 0.014683 0.042141
0 0.892942 0.463416 0.015421 0.037512
0 0.883915 0.033799 0.043016 0.067587
0 0.218772 0.567449 0.018626 0.042306
0 0.520258 0.768166 0.016150 0.038832
0 0.870165 0.220153 0.018009 0.040899
0 0.922997 0.454265 0.018543 0.044801
0 0.572569 0.950674 0.018068 0.040677
0 0.497232 0.655618 0.018725 0.049134
0 0.908104 0.238794 0.024139 0.061589
0 0.510111 0.290680 0.016914 0.046327
0 0.552729 0.219448 0.019869 0.046764
0 0.850307 0.260141 0.016747 0.041559
0 0.909866 0.367681 0.020206 0.046802
0 0.881437 0.309238 0.016336 0.043652
0 0.164771 0.115184 0.019270 0.045115
0 0.627257 0.442985 0.019239 0.047231
0 0.947234 0.432112 0.023410 0.060487
0 0.681526 0.887370 0.018626 0.049381
0 0.891590 0.504504 0.020154 0.051954
0 0.519199 0.382149 0.023065 0.066900