0 0.349399 0.983857 0.008585 0.015960
0 0.735837 0.954333 0.007357 0.016998
0 0.630397 0.059694 0.007210 0.016263
0 0.881810 0.336982 0.009084 0.018255
0 0.480515 0.598056 0.010137 0.018457
0 0.867362 0.903980 0.007597 0.015395
0 0.636219 0.320548 0.006363 0.013429
0 0.449334 0.509472 0.008377 0.016327
0 0.519511 0.333718 0.008791 0.019660
0 0.823996 0.127812 0.007818 0.014737
0 0.090008 0.624208 0.010093 0.020381
0 0.402904 0.552446 0.010356 0.016520
0 0.158769 0.352736 0.006480 0.014246
0 0.343912 0.843177 0.009745 0.016544
0 0.458217 0.970488 0.009808 0.014875
0 0.925430 0.351573 0.007785 0.015849
0 0.150310 0.601497 0.011648 0.025737
0 0.299333 0.448701 0.014245 0.031011
0 0.356265 0.578295 0.013870 0.026138
0 0.864900 0.742635 0.007831 0.016957
0 0.566626 0.937442 0.007749 0.014003
0 0.652394 0.129862 0.007534 0.016849
0 0.122226 0.558538 0.011011 0.022207
0 0.527872 0.146742 0.007802 0.014140
0 0.760073 0.339079 0.016789 0.028072
0 0.793143 0.123387 0.008227 0.017808
0 0.220729 0.191779 0.006228 0.013663
0 0.180614 0.388275 0.009657 0.017362
0 0.601924 0.234961 0.006637 0.013702
0 0.836769 0.135260 0.008432 0.013657
0 0.604529 0.030552 0.007412 0.017577