0 0.215451 0.059331 0.032676 0.058127
0 0.696356 0.090999 0.023289 0.045162
0 0.871619 0.042616 0.022515 0.052724
0 0.904800 0.084991 0.027005 0.062707
0 0.033706 0.114949 0.022418 0.045775
0 0.877869 0.325741 0.023990 0.045513
0 0.783483 0.184454 0.030587 0.060958
0 0.941073 0.236512 0.033297 0.075182
0 0.013076 0.706042 0.026061 0.094730
0 0.310253 0.321570 0.020795 0.049403
0 0.951195 0.119653 0.025688 0.079410
0 0.573104 0.226422 0.022043 0.049650
0 0.613860 0.048238 0.022774 0.066745
0 0.061347 0.033864 0.018969 0.045368
0 0.899415 0.154914 0.031583 0.062766
0 0.120815 0.169083 0.030009 0.056659
0 0.535201 0.072731 0.046055 0.094790