0 0.749599 0.288700 0.015393 0.029397
0 0.130710 0.203746 0.007870 0.015461
0 0.862177 0.016410 0.009739 0.022631
0 0.214927 0.521898 0.008389 0.018804
0 0.601592 0.352571 0.007732 0.015649
0 0.203103 0.846200 0.011049 0.025924
0 0.106991 0.393727 0.006744 0.013810
0 0.108668 0.115439 0.014286 0.027008
0 0.476469 0.354479 0.007904 0.018280
0 0.468526 0.281873 0.012582 0.029374
0 0.566893 0.035368 0.008065 0.016930
0 0.394466 0.554769 0.010877 0.019941
0 0.392805 0.043862 0.017932 0.028054
0 0.059903 0.428050 0.007915 0.016744
0 0.380102 0.408622 0.009146 0.017500
0 0.773429 0.431701 0.016804 0.035388
0 0.711134 0.650827 0.008086 0.016373
0 0.073708 0.285330 0.010232 0.021940
0 0.691628 0.692454 0.006410 0.011902
0 0.372236 0.782056 0.006553 0.013819
0 0.051025 0.232761 0.008195 0.016437
0 0.238984 0.368628 0.008530 0.016030
0 0.079951 0.269694 0.013693 0.026849
0 0.098937 0.201117 0.013238 0.029066
0 0.027543 0.578325 0.013529 0.026006
0 0.462654 0.506424 0.007152 0.014056
0 0.145116 0.352819 0.015261 0.025884
0 0.255254 0.362282 0.009232 0.019436
0 0.039208 0.267772 0.011092 0.021694