0 0.027959 0.783322 0.013759 0.019215
0 0.305170 0.242642 0.008768 0.017000
0 0.047054 0.309302 0.010094 0.015556
0 0.105356 0.112141 0.008821 0.017894
0 0.489246 0.318596 0.013927 0.027566
0 0.334496 0.719540 0.010394 0.021291
0 0.055946 0.651223 0.007545 0.015011
0 0.151824 0.338410 0.007711 0.017937
0 0.211749 0.113365 0.008242 0.013663
0 0.309367 0.686705 0.007698 0.017605
0 0.370202 0.568815 0.008722 0.018571
0 0.392341 0.146367 0.015135 0.028971
0 0.512217 0.493034 0.008007 0.015593
0 0.063730 0.603083 0.009812 0.014827
0 0.170430 0.416938 0.007718 0.014622
0 0.131604 0.837133 0.008390 0.016715
0 0.858422 0.302787 0.007782 0.017092
0 0.033307 0.139864 0.010679 0.029412
0 0.067180 0.686386 0.009620 0.016566
0 0.521496 0.343031 0.013562 0.025078
0 0.125661 0.380775 0.009501 0.019340
0 0.267500 0.215678 0.008661 0.015233
0 0.040495 0.883181 0.009986 0.021044
0 0.185290 0.329561 0.011877 0.023043
0 0.204984 0.529084 0.008570 0.015171
0 0.347842 0.234986 0.009205 0.020509
0 0.139339 0.521068 0.012642 0.021533
0 0.017443 0.759306 0.014451 0.025233
0 0.216166 0.340971 0.007918 0.016256
0 0.129379 0.106250 0.011963 0.024978
0 0.046326 0.441187 0.008916 0.016304
0 0.083688 0.829058 0.011818 0.018516
0 0.142954 0.270598 0.009750 0.016334
0 0.039371 0.173218 0.010968 0.024377
0 0.285279 0.458329 0.009434 0.017352
0 0.421118 0.452276 0.008894 0.016186
0 0.526036 0.794151 0.012733 0.019847
0 0.287084 0.324385 0.010512 0.019696