0 0.809292 0.735467 0.009832 0.024105
0 0.189379 0.587817 0.008390 0.019756
0 0.710324 0.449929 0.010747 0.024277
0 0.723352 0.752677 0.009917 0.022009
0 0.270541 0.631220 0.008942 0.018982
0 0.723995 0.527300 0.009615 0.019138
0 0.546591 0.712357 0.009557 0.019519
0 0.256587 0.796818 0.008867 0.019209
0 0.618605 0.779430 0.011711 0.019668
0 0.853385 0.640884 0.009604 0.019997
0 0.725904 0.618663 0.009040 0.019464
0 0.854811 0.566960 0.010396 0.021580
0 0.862469 0.706367 0.008715 0.019126
0 0.848812 0.425392 0.010359 0.023771
0 0.116872 0.418892 0.009458 0.018341
0 0.215578 0.752213 0.009413 0.020420
0 0.389722 0.559185 0.009955 0.020707
0 0.403619 0.809302 0.009800 0.020830
0 0.135470 0.170874 0.008936 0.021278
0 0.949410 0.191711 0.009466 0.020843
0 0.925490 0.260117 0.009831 0.020501
0 0.181122 0.275339 0.010114 0.018972
0 0.566473 0.650391 0.010285 0.020490
0 0.729044 0.672874 0.010362 0.021676
0 0.343752 0.786812 0.009393 0.021904
0 0.299514 0.120791 0.010127 0.021800
0 0.812060 0.466402 0.009420 0.020174
0 0.415635 0.448051 0.011674 0.022253
0 0.534604 0.691153 0.012877 0.025171
0 0.159629 0.829942 0.011826 0.023946
0 0.389989 0.063135 0.010415 0.021618
0 0.246464 0.616616 0.014399 0.025904
0 0.718024 0.411246 0.013328 0.028110
0 0.964215 0.063871 0.011445 0.025110
0 0.763977 0.411811 0.012675 0.024975
0 0.333729 0.307440 0.014121 0.024824