0 0.184914 0.131576 0.006439 0.016153
0 0.524046 0.022238 0.005835 0.011302
0 0.669220 0.447111 0.008466 0.012822
0 0.646113 0.304481 0.007578 0.015733
0 0.681244 0.637830 0.006891 0.015449
0 0.967498 0.050863 0.006115 0.015709
0 0.715643 0.449340 0.007438 0.013253
0 0.644778 0.700404 0.007713 0.023983
0 0.071867 0.117846 0.009935 0.027382
0 0.774082 0.057867 0.005801 0.017083
0 0.299029 0.071014 0.006253 0.012865
0 0.711151 0.875058 0.007129 0.014934
0 0.767632 0.360000 0.006914 0.013197
0 0.981539 0.440393 0.006100 0.015639
0 0.772237 0.463764 0.006918 0.013538
0 0.143695 0.265368 0.011694 0.023780
0 0.199727 0.014869 0.007040 0.024133
0 0.982002 0.557753 0.006729 0.018934
0 0.027658 0.097156 0.007313 0.013820
0 0.897343 0.238571 0.009272 0.018271
0 0.111757 0.397184 0.012178 0.020074
0 0.918363 0.310337 0.007480 0.012788
0 0.823691 0.030108 0.008232 0.014308
0 0.805540 0.395113 0.007726 0.017117
0 0.481647 0.937828 0.012733 0.024649
0 0.950307 0.059476 0.012556 0.025865
0 0.692071 0.563285 0.007309 0.014954
0 0.940334 0.588029 0.009006 0.016846
0 0.912877 0.464757 0.007754 0.025129
0 0.908570 0.495496 0.008002 0.022366
0 0.768300 0.130624 0.007032 0.017202
0 0.682702 0.510606 0.009045 0.014345
0 0.518126 0.162085 0.007689 0.014452
0 0.086952 0.771704 0.009234 0.018198
0 0.164406 0.476632 0.008168 0.016881
0 0.604046 0.386419 0.008161 0.017658
0 0.540137 0.667812 0.008642 0.015304
0 0.531819 0.276298 0.010547 0.019288
0 0.063164 0.399872 0.014839 0.034644
0 0.760261 0.282071 0.011000 0.030463
0 0.224622 0.668991 0.013612 0.027023
0 0.238307 0.612330 0.010624 0.022361
0 0.938783 0.454149 0.011703 0.021006
0 0.594501 0.536922 0.012199 0.021359
0 0.797250 0.531226 0.008769 0.018630
0 0.827496 0.538933 0.010589 0.025113
0 0.788420 0.189508 0.010548 0.023738