0 0.036125 0.030488 0.026977 0.060407
0 0.724635 0.913112 0.011681 0.028351
0 0.570555 0.024179 0.012588 0.027547
0 0.027390 0.084160 0.012729 0.024408
0 0.751639 0.189670 0.014955 0.029705
0 0.186607 0.029855 0.012251 0.025704
0 0.643673 0.095302 0.012926 0.030432
0 0.934232 0.015127 0.026428 0.030254
0 0.452929 0.127558 0.012348 0.028677
0 0.489849 0.085501 0.014960 0.031689
0 0.199581 0.829775 0.017481 0.062072
0 0.198764 0.523231 0.011855 0.025734
0 0.354211 0.028296 0.011371 0.026148
0 0.176000 0.926829 0.017636 0.035439
0 0.092906 0.157915 0.016836 0.036545
0 0.249530 0.098483 0.013510 0.027279
0 0.388222 0.166238 0.015878 0.031302
0 0.350880 0.553841 0.014379 0.028755
0 0.091253 0.068136 0.022796 0.034949
0 0.157878 0.371191 0.016180 0.034266
0 0.314209 0.583627 0.016120 0.027050
0 0.786258 0.838740 0.018655 0.036179
0 0.186366 0.532469 0.017951 0.035292
0 0.147191 0.476306 0.014498 0.030290
0 0.408443 0.560641 0.018522 0.030441