0 0.361230 0.755286 0.019067 0.036235
0 0.541090 0.765869 0.013202 0.027797
0 0.523214 0.790709 0.014333 0.030645
0 0.809485 0.190883 0.012729 0.027821
0 0.711411 0.376776 0.009907 0.028054
0 0.618135 0.465111 0.016783 0.029838
0 0.476489 0.030183 0.013510 0.037804
0 0.746593 0.207311 0.010875 0.027574
0 0.389945 0.591119 0.012792 0.022917
0 0.766839 0.735408 0.010435 0.023856
0 0.124294 0.891075 0.017097 0.041277
0 0.103910 0.731727 0.019898 0.040295
0 0.852355 0.033242 0.019621 0.035446
0 0.746266 0.298798 0.012535 0.031100
0 0.676776 0.579645 0.018901 0.036257
0 0.513242 0.015921 0.017668 0.031176
0 0.853384 0.256703 0.011698 0.028768
0 0.401171 0.359449 0.013854 0.036154
0 0.377024 0.564505 0.016180 0.032700
0 0.850661 0.134111 0.031118 0.065253
0 0.113906 0.196021 0.018617 0.040463
0 0.509591 0.426233 0.021014 0.047256
0 0.673059 0.243145 0.023380 0.050212