0 0.289168 0.314184 0.012096 0.024209
0 0.347155 0.182411 0.019651 0.038395
0 0.447933 0.942415 0.011666 0.018920
0 0.820940 0.227566 0.020016 0.040288
0 0.699127 0.745873 0.012353 0.023695
0 0.038960 0.633783 0.009826 0.019463
0 0.442256 0.661621 0.010528 0.020291
0 0.436251 0.908226 0.011148 0.020165
0 0.514652 0.681768 0.010356 0.021591
0 0.422038 0.942887 0.011500 0.019531
0 0.453525 0.702659 0.012765 0.024138
0 0.703756 0.405090 0.010642 0.023404
0 0.842824 0.145211 0.016855 0.033809
0 0.109891 0.608033 0.010193 0.018890
0 0.488564 0.375617 0.010772 0.022663
0 0.347801 0.464908 0.011132 0.023473
0 0.779314 0.047716 0.016120 0.024974
0 0.177083 0.685277 0.011228 0.019515
0 0.207152 0.858424 0.010911 0.021503
0 0.552649 0.761970 0.012288 0.024378
0 0.331838 0.209885 0.012476 0.022743
0 0.611818 0.261507 0.015402 0.038597
0 0.438303 0.814077 0.011447 0.019973
0 0.174755 0.290552 0.011139 0.022200
0 0.988792 0.190788 0.012909 0.027105
0 0.378210 0.814539 0.011089 0.020182
0 0.461537 0.948147 0.015921 0.021745
0 0.953461 0.123046 0.011784 0.023213
0 0.052651 0.423918 0.010974 0.019343
0 0.702218 0.718030 0.013759 0.023249
0 0.067540 0.610533 0.010543 0.020797
0 0.010396 0.387009 0.012293 0.021344
0 0.454617 0.844916 0.013867 0.027507
0 0.878441 0.293989 0.018919 0.029518
0 0.598276 0.195472 0.023556 0.047247
0 0.522672 0.325109 0.014798 0.029854
0 0.551163 0.854199 0.012483 0.020454
0 0.137844 0.550215 0.011550 0.021185
0 0.622653 0.612110 0.012178 0.022532
0 0.099574 0.658654 0.011238 0.020239
0 0.095540 0.618849 0.011070 0.023113
0 0.277298 0.433594 0.022822 0.039918
0 0.047360 0.388949 0.018489 0.027363
0 0.361199 0.846730 0.017875 0.028608
0 0.206077 0.683208 0.012012 0.021858
0 0.405343 0.881994 0.015594 0.028824
0 0.486403 0.839757 0.017073 0.030073