0 0.738887 0.769570 0.016832 0.045532
0 0.032900 0.623196 0.011949 0.025999
0 0.582281 0.654605 0.016232 0.035035
0 0.774710 0.768780 0.012932 0.028766
0 0.952258 0.438919 0.012622 0.024278
0 0.641957 0.235771 0.012351 0.021206
0 0.699242 0.189045 0.015145 0.036241
0 0.437753 0.745437 0.015549 0.031950
0 0.888398 0.495705 0.014101 0.029232
0 0.601664 0.936601 0.014856 0.032612
0 0.157650 0.982276 0.016691 0.032579
0 0.875931 0.176335 0.014590 0.031764
0 0.845395 0.596075 0.020000 0.039442
0 0.479949 0.403500 0.024842 0.042931
0 0.037123 0.361632 0.030087 0.057829
0 0.548114 0.340838 0.022450 0.039951
0 0.234541 0.840284 0.024671 0.056413
0 0.388605 0.669949 0.024682 0.055435