0 0.073650 0.720679 0.008927 0.019900
0 0.031862 0.813039 0.013766 0.027639
0 0.089033 0.675853 0.012222 0.021199
0 0.093620 0.747256 0.010803 0.019435
0 0.549967 0.751212 0.008329 0.014844
0 0.234655 0.394604 0.009320 0.018460
0 0.451456 0.453259 0.007752 0.016573
0 0.767923 0.522392 0.009538 0.015652
0 0.924867 0.566175 0.008468 0.014658
0 0.922173 0.713366 0.007667 0.015764
0 0.668625 0.275923 0.008855 0.018894
0 0.417084 0.558848 0.008204 0.015467
0 0.814658 0.686684 0.010943 0.026539
0 0.093673 0.915037 0.011790 0.018374
0 0.169993 0.604586 0.040490 0.054985
0 0.344930 0.413229 0.009379 0.015723
0 0.204907 0.549214 0.010581 0.022529
0 0.098293 0.560541 0.028785 0.047265
0 0.072589 0.866242 0.012517 0.019256
0 0.680063 0.959644 0.013049 0.029890
0 0.063852 0.547035 0.012408 0.026157
0 0.566348 0.683047 0.011148 0.016020
0 0.945018 0.754319 0.014192 0.022126