0 0.538228 0.797398 0.008640 0.016151
0 0.203111 0.949301 0.007631 0.013042
0 0.069890 0.480810 0.009668 0.015763
0 0.799559 0.978519 0.010492 0.016769
0 0.229483 0.760128 0.007781 0.012287
0 0.803279 0.512176 0.022018 0.043805
0 0.092224 0.498735 0.008662 0.016055
0 0.197790 0.679656 0.010885 0.022326
0 0.331229 0.199163 0.016553 0.027295
0 0.132154 0.476758 0.009295 0.017400
0 0.124042 0.888440 0.007561 0.016501
0 0.139181 0.043936 0.010648 0.018917
0 0.728373 0.131365 0.010766 0.020158
0 0.092605 0.935246 0.007237 0.016941
0 0.338228 0.906218 0.011980 0.023573
0 0.188159 0.155778 0.011786 0.022730
0 0.027575 0.274729 0.011603 0.020674
0 0.063186 0.602546 0.011246 0.016323
0 0.151571 0.680117 0.007908 0.013684
0 0.142499 0.956268 0.010573 0.018316
0 0.791046 0.270027 0.016095 0.030027
0 0.625056 0.350745 0.013138 0.024838
0 0.663701 0.580176 0.015261 0.031603
0 0.148329 0.755534 0.008483 0.015576
0 0.394589 0.616204 0.008304 0.017300
0 0.782362 0.726820 0.013112 0.023872
0 0.833441 0.543967 0.022728 0.046095
0 0.185192 0.904203 0.009241 0.018403
0 0.277990 0.753837 0.015932 0.028507
0 0.295204 0.871932 0.009784 0.016581
0 0.296355 0.827442 0.010426 0.017399
0 0.526473 0.725135 0.015297 0.025824
0 0.708316 0.318621 0.014048 0.026718