0 0.572690 0.633525 0.008259 0.015197
0 0.443454 0.513323 0.007759 0.016187
0 0.357664 0.805008 0.007631 0.015587
0 0.117243 0.700144 0.007591 0.015614
0 0.629258 0.909631 0.009111 0.019679
0 0.402880 0.692528 0.006862 0.013878
0 0.625805 0.980629 0.009166 0.017355
0 0.072505 0.179893 0.009520 0.018921
0 0.193160 0.796577 0.013197 0.025400
0 0.066836 0.847587 0.007350 0.015451
0 0.466572 0.746166 0.008415 0.015048
0 0.193529 0.933101 0.013478 0.016147
0 0.304227 0.856443 0.007845 0.015753
0 0.494556 0.753949 0.008134 0.015956
0 0.438226 0.685985 0.007566 0.015097
0 0.029223 0.853176 0.010174 0.014865
0 0.502544 0.590851 0.009707 0.019297
0 0.705013 0.721504 0.008833 0.017985
0 0.111171 0.154898 0.014629 0.024078
0 0.106759 0.017024 0.025570 0.034047
0 0.621512 0.298766 0.009828 0.020015
0 0.595007 0.241608 0.012108 0.022166
0 0.291604 0.917394 0.015444 0.029911
0 0.841363 0.451372 0.012356 0.024326
0 0.136706 0.813928 0.018893 0.021697
0 0.085283 0.113844 0.010927 0.020844
0 0.083955 0.777909 0.014184 0.026318
0 0.937170 0.564894 0.011206 0.024236
0 0.286779 0.082163 0.012675 0.027425
0 0.967361 0.765231 0.015192 0.027647
0 0.667287 0.091598 0.014041 0.023026