0 0.871017 0.439370 0.009708 0.030658
0 0.691187 0.234681 0.006238 0.012706
0 0.791888 0.472918 0.007261 0.017745
0 0.331098 0.494040 0.006535 0.012799
0 0.302322 0.140052 0.007043 0.013616
0 0.484911 0.674368 0.007752 0.014009
0 0.762334 0.536842 0.007072 0.014942
0 0.332034 0.382851 0.011256 0.015670
0 0.085092 0.379086 0.007550 0.015968
0 0.136702 0.135874 0.006424 0.013337
0 0.020336 0.533592 0.019036 0.034761
0 0.173253 0.900548 0.006194 0.014526
0 0.284195 0.196715 0.007450 0.014214
0 0.388722 0.524822 0.014485 0.034369
0 0.032497 0.810336 0.010054 0.012737
0 0.045922 0.363093 0.008650 0.014457
0 0.247736 0.482408 0.008597 0.013096
0 0.016702 0.399521 0.009022 0.014781
0 0.351114 0.130749 0.012497 0.023580
0 0.224905 0.437692 0.007551 0.013476
0 0.136925 0.327003 0.008176 0.014677
0 0.510343 0.170219 0.007656 0.013918
0 0.076740 0.856397 0.009052 0.015778
0 0.184665 0.530447 0.008822 0.015007
0 0.342782 0.183779 0.008654 0.016808
0 0.914338 0.564371 0.008115 0.014743
0 0.191270 0.502383 0.010181 0.019472
0 0.046718 0.070813 0.019396 0.035769
0 0.158474 0.352137 0.010396 0.020669
0 0.210291 0.594245 0.009913 0.019174
0 0.169802 0.772362 0.006963 0.014921
0 0.146310 0.705562 0.011158 0.015989
0 0.661335 0.425682 0.009759 0.019895
0 0.063567 0.650970 0.011842 0.020763
0 0.075831 0.790686 0.009020 0.023072
0 0.191709 0.586846 0.010940 0.019396
0 0.922631 0.457713 0.009025 0.018445
0 0.340708 0.070034 0.011906 0.022162
0 0.055959 0.384958 0.012892 0.027074