0 0.948076 0.369313 0.010736 0.023028
0 0.202440 0.503943 0.012022 0.024405
0 0.910926 0.009382 0.009308 0.017990
0 0.367343 0.320454 0.009291 0.017962
0 0.310048 0.143165 0.008992 0.019715
0 0.928838 0.076794 0.014932 0.030172
0 0.301615 0.389696 0.009719 0.018137
0 0.318270 0.523966 0.009787 0.024594
0 0.276258 0.206527 0.009011 0.018799
0 0.886506 0.084509 0.013358 0.021413
0 0.529525 0.655484 0.012843 0.025940
0 0.388816 0.750735 0.018392 0.030304
0 0.297072 0.671940 0.009959 0.016987
0 0.928126 0.195438 0.008737 0.016759
0 0.652719 0.033596 0.013634 0.028380
0 0.311755 0.339644 0.010264 0.019627
0 0.803174 0.834786 0.014059 0.028234
0 0.442512 0.141842 0.011383 0.023745
0 0.372464 0.235032 0.010074 0.017246
0 0.282664 0.738989 0.010587 0.019733
0 0.132069 0.791902 0.026705 0.055430
0 0.232757 0.073124 0.009164 0.014939
0 0.257224 0.860037 0.019442 0.042918
0 0.690010 0.140860 0.016108 0.031344
0 0.939488 0.166397 0.009464 0.022202
0 0.256247 0.738780 0.011972 0.020988
0 0.339907 0.792547 0.011906 0.017904
0 0.311541 0.716825 0.011864 0.024278
0 0.153053 0.836655 0.014197 0.028013
0 0.226373 0.608979 0.011236 0.024856
0 0.269145 0.699116 0.013049 0.023201
0 0.350793 0.428402 0.011331 0.023646
0 0.949772 0.855488 0.020055 0.044319
0 0.179181 0.179498 0.009932 0.018972
0 0.378816 0.849463 0.012365 0.025280
0 0.534227 0.289289 0.013433 0.030977
0 0.993880 0.207608 0.009709 0.020658
0 0.322903 0.086185 0.009513 0.017266
0 0.396042 0.390919 0.016631 0.024514
0 0.612460 0.226709 0.012840 0.025727
0 0.070664 0.748380 0.012435 0.021321
0 0.033776 0.957724 0.012623 0.021904
0 0.335431 0.203474 0.012441 0.024101
0 0.301213 0.686942 0.012784 0.020600
0 0.617686 0.362436 0.013052 0.027097
0 0.280484 0.924591 0.013815 0.032275
0 0.240669 0.552536 0.009705 0.023067
0 0.410764 0.652370 0.010576 0.021718
0 0.298570 0.297141 0.010750 0.020168
0 0.318633 0.283899 0.010711 0.023717
0 0.348243 0.535399 0.012551 0.026318
0 0.184510 0.498027 0.011390 0.021973
0 0.414517 0.118816 0.010417 0.019878
0 0.859963 0.053309 0.010309 0.021179
0 0.394246 0.457423 0.011103 0.020039
0 0.830404 0.157365 0.009859 0.023168
0 0.178991 0.735573 0.011802 0.020475
0 0.188826 0.839916 0.011452 0.020569
0 0.519515 0.409444 0.014634 0.029408
0 0.273715 0.897345 0.013620 0.027948
0 0.095803 0.855537 0.015675 0.026989
0 0.310457 0.447879 0.011401 0.021726
0 0.467951 0.146562 0.012053 0.021437
0 0.207411 0.859451 0.012401 0.023577
0 0.911546 0.159584 0.012352 0.032197
0 0.374438 0.759678 0.012697 0.025460
0 0.353506 0.263050 0.015153 0.020548
0 0.602974 0.467141 0.029108 0.056496
0 0.970353 0.468184 0.012343 0.028129
0 0.650884 0.541329 0.014207 0.030333
0 0.683141 0.820176 0.014048 0.026309
0 0.482956 0.092460 0.027786 0.030967
0 0.276666 0.628822 0.015857 0.028012
0 0.242994 0.864841 0.020010 0.036613
0 0.570464 0.931557 0.011098 0.023204
0 0.297370 0.753869 0.011323 0.019785
0 0.250709 0.447250 0.010020 0.018660
0 0.823367 0.216226 0.010775 0.021655
0 0.218449 0.889814 0.013264 0.022304
0 0.390814 0.413299 0.012562 0.027635
0 0.310383 0.643992 0.011238 0.021700
0 0.439078 0.244502 0.013515 0.020814
0 0.930723 0.392945 0.012179 0.030117
0 0.467579 0.352765 0.010654 0.023883
0 0.260168 0.563313 0.012162 0.028090
0 0.386219 0.881866 0.012976 0.023844
0 0.289423 0.263054 0.010870 0.024782
0 0.289023 0.911944 0.018448 0.041595
0 0.470525 0.704201 0.012621 0.026472
0 0.536922 0.619833 0.020483 0.038565
0 0.788054 0.749395 0.017446 0.036064
0 0.604370 0.728150 0.012935 0.028653
0 0.629488 0.817673 0.016063 0.031860
0 0.859377 0.803074 0.018587 0.036924
0 0.576407 0.805162 0.015899 0.033682
0 0.386771 0.513272 0.012689 0.025260
0 0.473682 0.604506 0.014392 0.025741
0 0.250250 0.302323 0.010144 0.022258
0 0.294329 0.456459 0.012800 0.026488
0 0.417257 0.468754 0.014821 0.024799
0 0.318034 0.777474 0.015734 0.028066
0 0.523638 0.551325 0.017175 0.026701