0 0.265933 0.761850 0.018364 0.040798
0 0.146857 0.977124 0.017007 0.039678
0 0.620904 0.335608 0.016162 0.033068
0 0.178015 0.806472 0.017471 0.024461
0 0.742474 0.043449 0.012247 0.025346
0 0.445064 0.981337 0.016097 0.032888
0 0.636344 0.060349 0.017032 0.041621
0 0.456040 0.390518 0.014897 0.031998
0 0.327602 0.164445 0.013702 0.031688
0 0.761620 0.183209 0.017065 0.034511
0 0.329343 0.672459 0.011902 0.021521
0 0.254190 0.166207 0.016124 0.045964
0 0.767204 0.139278 0.012768 0.025692
0 0.231999 0.345148 0.010994 0.023931
0 0.687717 0.020591 0.012915 0.020268
0 0.617754 0.898804 0.013453 0.026681
0 0.085155 0.330289 0.013376 0.030050
0 0.345899 0.582922 0.015107 0.031332
0 0.096516 0.777126 0.027263 0.062212
0 0.005483 0.259695 0.010779 0.025805
0 0.182990 0.854613 0.010979 0.031255
0 0.563817 0.559054 0.013574 0.027829
0 0.012323 0.173411 0.011890 0.023896
0 0.145819 0.860569 0.014036 0.028910
0 0.063497 0.305823 0.017379 0.033599
0 0.352057 0.823573 0.013877 0.023416
0 0.068596 0.543864 0.010825 0.015403
0 0.075953 0.264908 0.019581 0.026855
0 0.164093 0.283891 0.015477 0.032937
0 0.358981 0.233945 0.017705 0.040444
0 0.342542 0.866094 0.014360 0.033585
0 0.401752 0.861952 0.014049 0.027680
0 0.597339 0.441013 0.012855 0.024742
0 0.225133 0.843517 0.012446 0.029608
0 0.021051 0.359633 0.019146 0.025316
0 0.387295 0.822425 0.016012 0.029186
0 0.429857 0.591412 0.013688 0.028815
0 0.293788 0.478994 0.014471 0.016185
0 0.380279 0.780405 0.014037 0.029870