0 0.899557 0.230944 0.040001 0.077944
0 0.943794 0.531372 0.036701 0.076987
0 0.299237 0.145826 0.027151 0.049513
0 0.645123 0.693231 0.038355 0.074040
0 0.193438 0.064375 0.031924 0.062701
0 0.903345 0.050890 0.041884 0.080346
0 0.011493 0.224333 0.022846 0.055343
0 0.464888 0.243131 0.035328 0.059961
0 0.051812 0.862822 0.035952 0.062558
0 0.267134 0.713585 0.041349 0.081583
0 0.497713 0.196189 0.044055 0.073293
0 0.518267 0.887298 0.044657 0.089859
0 0.484239 0.048358 0.043316 0.080258
0 0.882524 0.454693 0.053264 0.096595
0 0.204941 0.199991 0.048026 0.085494
0 0.660226 0.345527 0.058529 0.080403
0 0.393074 0.752491 0.051663 0.097553