0 0.023637 0.691906 0.008445 0.018222
0 0.435118 0.377111 0.009182 0.016565
0 0.961391 0.782394 0.007892 0.018302
0 0.066718 0.149993 0.008965 0.019276
0 0.655765 0.443539 0.008960 0.019735
0 0.018033 0.275608 0.009071 0.018987
0 0.871966 0.195391 0.009130 0.022744
0 0.282660 0.369393 0.009992 0.021871
0 0.913790 0.780802 0.007454 0.017186
0 0.721112 0.048463 0.008636 0.019279
0 0.431868 0.156435 0.007592 0.021018
0 0.195147 0.306474 0.008846 0.019268
0 0.445860 0.174912 0.008260 0.020401
0 0.622379 0.343349 0.009110 0.021132
0 0.652763 0.554508 0.009076 0.019367
0 0.693298 0.028199 0.008186 0.020604
0 0.631234 0.414662 0.010527 0.018110
0 0.629812 0.083025 0.009350 0.019937
0 0.690984 0.410769 0.008554 0.019296
0 0.527889 0.143730 0.008257 0.020676
0 0.498819 0.304959 0.010917 0.019121