0 0.461048 0.331511 0.009092 0.024108
0 0.144955 0.050135 0.010065 0.019638
0 0.400399 0.178555 0.009690 0.020673
0 0.535102 0.106482 0.010581 0.024666
0 0.097295 0.443958 0.012544 0.026949
0 0.196188 0.383695 0.009786 0.020557
0 0.928739 0.412122 0.009383 0.021662
0 0.660217 0.370483 0.013096 0.025724
0 0.563262 0.152298 0.010342 0.023855
0 0.365016 0.339940 0.009178 0.019178
0 0.555142 0.066314 0.008771 0.020408
0 0.620935 0.258703 0.009950 0.024013
0 0.995062 0.151996 0.008640 0.042338
0 0.144079 0.665064 0.010729 0.023187
0 0.855274 0.600430 0.009959 0.023865
0 0.399378 0.146589 0.009425 0.019355
0 0.656843 0.273646 0.007980 0.019132
0 0.290402 0.247842 0.009065 0.021704
0 0.127239 0.428311 0.009278 0.020053
0 0.776887 0.486842 0.010524 0.020250
0 0.056473 0.534852 0.012145 0.026646
0 0.863907 0.461922 0.011647 0.022996
0 0.577337 0.348618 0.013389 0.027818
0 0.075863 0.574760 0.008838 0.019673
0 0.908204 0.605511 0.010674 0.023616
0 0.607507 0.331891 0.013033 0.026740
0 0.834823 0.544360 0.009372 0.021514
0 0.383250 0.015278 0.011642 0.020507
0 0.340388 0.566212 0.015543 0.043121
0 0.822189 0.121913 0.010422 0.023328
0 0.116242 0.662882 0.011186 0.020962
0 0.892252 0.539613 0.009748 0.024097
0 0.678259 0.219817 0.011635 0.025590
0 0.184603 0.505801 0.009639 0.022336
0 0.325574 0.149371 0.011399 0.023204
0 0.213217 0.497093 0.010923 0.022865
0 0.800398 0.201665 0.011341 0.023352
0 0.233481 0.568053 0.013674 0.033657
0 0.856186 0.057570 0.014559 0.029688
0 0.341704 0.380321 0.013339 0.028890