0 0.796466 0.310470 0.009359 0.017803
0 0.673611 0.136707 0.008820 0.020481
0 0.751349 0.713260 0.013465 0.021771
0 0.062936 0.835934 0.010495 0.020254
0 0.178098 0.377227 0.017683 0.024744
0 0.473944 0.141223 0.009511 0.019578
0 0.395791 0.009190 0.011873 0.017930
0 0.751020 0.343131 0.011047 0.018628
0 0.116579 0.469875 0.011960 0.023203
0 0.057959 0.470661 0.010922 0.024445
0 0.379189 0.770175 0.009959 0.023834
0 0.062679 0.017842 0.010868 0.019193
0 0.971930 0.560330 0.010236 0.021118
0 0.369685 0.615815 0.008876 0.020051
0 0.480553 0.851618 0.010628 0.023455
0 0.315136 0.739418 0.009098 0.019066
0 0.959527 0.311259 0.010198 0.021420
0 0.965644 0.751414 0.009136 0.018919
0 0.521659 0.910389 0.008833 0.016130
0 0.274855 0.577500 0.013035 0.018952
0 0.887933 0.248198 0.009734 0.017800
0 0.774392 0.851404 0.010862 0.019485
0 0.012756 0.816265 0.009596 0.020200
0 0.794663 0.907390 0.009181 0.019645
0 0.720681 0.140272 0.011454 0.022293
0 0.332267 0.815763 0.010332 0.020356
0 0.228315 0.372656 0.012110 0.021577
0 0.345185 0.702695 0.009336 0.017860
0 0.223150 0.456718 0.012744 0.019934
0 0.387977 0.053656 0.011269 0.023095
0 0.139754 0.572175 0.010050 0.018216
0 0.046754 0.419101 0.010648 0.020635
0 0.193096 0.078697 0.010007 0.020668
0 0.030947 0.371539 0.013687 0.023618
0 0.253369 0.264559 0.009314 0.022983
0 0.226514 0.034931 0.012493 0.021448
0 0.135621 0.489385 0.013368 0.022968
0 0.036976 0.776823 0.014451 0.028176
0 0.237220 0.286925 0.010864 0.025929
0 0.461202 0.739480 0.012373 0.019798
0 0.179312 0.444027 0.010588 0.019904
0 0.372956 0.930173 0.011986 0.020916
0 0.430751 0.299408 0.011452 0.025090
0 0.162806 0.724770 0.010259 0.023520
0 0.060256 0.241082 0.011677 0.025724
0 0.200744 0.834485 0.012896 0.025227
0 0.330693 0.617117 0.015168 0.021801
0 0.703985 0.711383 0.015883 0.028158
0 0.090783 0.834412 0.012901 0.025626
0 0.115549 0.527769 0.019045 0.030564
0 0.425806 0.602560 0.012379 0.024633
0 0.614146 0.256521 0.013197 0.028926