0 0.823804 0.334489 0.018597 0.043311
0 0.598996 0.108610 0.008671 0.018871
0 0.432703 0.122927 0.008890 0.018852
0 0.501143 0.282479 0.008795 0.018740
0 0.858938 0.559167 0.014326 0.035190
0 0.471794 0.063678 0.008126 0.019220
0 0.508047 0.267078 0.007791 0.016322
0 0.530518 0.136805 0.008720 0.019748
0 0.846085 0.256759 0.019847 0.039774
0 0.984374 0.564800 0.028576 0.073961
0 0.970783 0.137471 0.043132 0.102752
0 0.520292 0.267877 0.008940 0.017094
0 0.861686 0.652328 0.016255 0.034504
0 0.452339 0.350449 0.009784 0.021101
0 0.806143 0.492792 0.018589 0.034318
0 0.755341 0.339713 0.020975 0.049313
0 0.543244 0.527928 0.008198 0.016899
0 0.871704 0.302478 0.019026 0.042232
0 0.798765 0.594478 0.023318 0.053532
0 0.493824 0.215758 0.008672 0.016964
0 0.781594 0.931528 0.045174 0.081770
0 0.469031 0.467139 0.011974 0.022476
0 0.420505 0.231743 0.009512 0.021660
0 0.499103 0.529804 0.012578 0.025151
0 0.491496 0.503941 0.015594 0.030875
0 0.508449 0.633032 0.010235 0.024946
0 0.417548 0.313213 0.010283 0.024902
0 0.404798 0.261781 0.011972 0.026293
0 0.418893 0.535805 0.011727 0.028484