0 0.451158 0.443924 0.010641 0.021724
0 0.557518 0.025376 0.009619 0.022279
0 0.294230 0.377465 0.009932 0.022313
0 0.528555 0.211155 0.009810 0.019412
0 0.507551 0.173094 0.010960 0.023107
0 0.856549 0.341474 0.015894 0.039093
0 0.138228 0.591442 0.012064 0.023229
0 0.391591 0.754750 0.010228 0.021618
0 0.757862 0.942437 0.012098 0.023602
0 0.561364 0.638752 0.017345 0.033123
0 0.886759 0.799352 0.017162 0.045921
0 0.604805 0.396295 0.016877 0.034647
0 0.217697 0.509665 0.010009 0.020831
0 0.993941 0.649001 0.010945 0.031582
0 0.532823 0.517995 0.011617 0.026611
0 0.781777 0.514716 0.009441 0.019948
0 0.387059 0.667017 0.015238 0.029481
0 0.134198 0.516395 0.013304 0.025157
0 0.473860 0.169134 0.009627 0.023568
0 0.345567 0.921901 0.010114 0.017957
0 0.084061 0.740110 0.022792 0.044636
0 0.422900 0.495543 0.017025 0.033909
0 0.175338 0.757246 0.009680 0.018111
0 0.711999 0.667953 0.017793 0.034400
0 0.962711 0.012570 0.021707 0.025139
0 0.401140 0.632314 0.009916 0.018747
0 0.116000 0.772635 0.017976 0.032306
0 0.624883 0.602727 0.013509 0.030718
0 0.368845 0.718317 0.011090 0.018858
0 0.920886 0.720370 0.009917 0.023471
0 0.291710 0.885359 0.011088 0.018894
0 0.245363 0.937693 0.010974 0.019780
0 0.668179 0.553323 0.013278 0.027158
0 0.136060 0.078497 0.022425 0.040744
0 0.443967 0.569286 0.011756 0.019706
0 0.405084 0.863152 0.011833 0.021063
0 0.338710 0.606717 0.010203 0.018129
0 0.366081 0.450757 0.009968 0.019144
0 0.268573 0.990894 0.012528 0.017332
0 0.076721 0.939061 0.018236 0.034572
0 0.654602 0.941728 0.010814 0.025713
0 0.368715 0.859654 0.012092 0.022436
0 0.816282 0.767563 0.017838 0.036249
0 0.939785 0.186085 0.018628 0.040756
0 0.309322 0.892085 0.011049 0.023637
0 0.020050 0.217253 0.022989 0.047582
0 0.425169 0.260481 0.011311 0.023464
0 0.296177 0.965045 0.011689 0.022052
0 0.389336 0.428940 0.011270 0.020856
0 0.354764 0.112354 0.013996 0.026907
0 0.082244 0.983630 0.012202 0.025078
0 0.290865 0.458111 0.012533 0.021719
0 0.172906 0.481579 0.012696 0.023877
0 0.302631 0.754241 0.011468 0.020995
0 0.236436 0.801584 0.014208 0.026396
0 0.359384 0.630309 0.015540 0.026035
0 0.096498 0.879020 0.014547 0.028612