0 0.992741 0.900163 0.013355 0.037622
0 0.870314 0.625697 0.016738 0.031501
0 0.970512 0.789000 0.019349 0.034921
0 0.319047 0.886017 0.015950 0.029502
0 0.592232 0.523463 0.018234 0.043424
0 0.990119 0.158812 0.018895 0.105404
0 0.967502 0.698350 0.026017 0.040477
0 0.483840 0.757886 0.020829 0.046149
0 0.253076 0.784406 0.021061 0.033130
0 0.902543 0.902364 0.023487 0.040598
0 0.947450 0.747412 0.028481 0.045249
0 0.346561 0.789438 0.032483 0.058780
0 0.264912 0.872220 0.042025 0.060584
0 0.868102 0.808367 0.061516 0.079572