0 0.968955 0.385174 0.008751 0.020418
0 0.556601 0.135022 0.010730 0.018068
0 0.455792 0.826415 0.009708 0.023858
0 0.809605 0.345076 0.009496 0.019349
0 0.314900 0.135301 0.009494 0.018161
0 0.259841 0.827525 0.010385 0.020508
0 0.127070 0.494497 0.010191 0.019377
0 0.478308 0.832189 0.012113 0.025850
0 0.406093 0.359786 0.011302 0.022768
0 0.429915 0.397220 0.009971 0.018206
0 0.447670 0.362221 0.010528 0.020405
0 0.123876 0.727946 0.008158 0.018321
0 0.255996 0.679914 0.010315 0.020559
0 0.721626 0.651977 0.009168 0.019009
0 0.171968 0.072458 0.013400 0.024839
0 0.595242 0.582451 0.009879 0.019840
0 0.132728 0.163948 0.011520 0.018770
0 0.227966 0.011238 0.010695 0.018522
0 0.528962 0.468569 0.010481 0.019708
0 0.615837 0.816224 0.008946 0.028370
0 0.978220 0.872116 0.010445 0.018080
0 0.733222 0.215307 0.011304 0.021152
0 0.037934 0.836155 0.010166 0.020850
0 0.565966 0.375180 0.010872 0.019713
0 0.264832 0.564015 0.011956 0.023228
0 0.072128 0.348545 0.011453 0.021319
0 0.375535 0.097408 0.010922 0.020426
0 0.415494 0.652863 0.011155 0.023618
0 0.356919 0.064987 0.010121 0.021094
0 0.462936 0.732492 0.012863 0.025284
0 0.634470 0.372970 0.010567 0.018594
0 0.400718 0.553186 0.009992 0.019313
0 0.100559 0.831188 0.010009 0.018425
0 0.507487 0.476657 0.010119 0.019632
0 0.967878 0.514369 0.009008 0.020197
0 0.563220 0.093487 0.009932 0.017424
0 0.721276 0.299170 0.012449 0.020680
0 0.805558 0.078094 0.009982 0.021845
0 0.953057 0.046863 0.012787 0.023180
0 0.793457 0.304795 0.010359 0.022197
0 0.084919 0.770254 0.009678 0.018009
0 0.164628 0.795077 0.009900 0.020503
0 0.629829 0.044735 0.011804 0.027435
0 0.407787 0.167966 0.010462 0.020724
0 0.680155 0.369052 0.011055 0.021661
0 0.658053 0.714333 0.010429 0.019772
0 0.768448 0.713333 0.009922 0.019943
0 0.351698 0.754996 0.014923 0.022554
0 0.974374 0.429163 0.009191 0.018769
0 0.483145 0.391094 0.013383 0.023639
0 0.877217 0.562778 0.013180 0.024872