0 0.604337 0.688857 0.010988 0.021595
0 0.182539 0.823269 0.009691 0.021139
0 0.640267 0.528333 0.014165 0.022439
0 0.714696 0.336262 0.013489 0.022978
0 0.722884 0.898320 0.012922 0.022028
0 0.794555 0.754452 0.013729 0.035273
0 0.272073 0.470583 0.025844 0.041193
0 0.723478 0.941401 0.024298 0.032469
0 0.598213 0.479592 0.017295 0.023536
0 0.500629 0.594615 0.012801 0.025518
0 0.593547 0.169518 0.015422 0.025312
0 0.832263 0.178043 0.012398 0.028344
0 0.687219 0.238219 0.013649 0.023756
0 0.637432 0.962332 0.013209 0.020422
0 0.164516 0.662725 0.014921 0.025195
0 0.706702 0.315944 0.013785 0.025650
0 0.956701 0.151009 0.014652 0.027374
0 0.080528 0.805274 0.011731 0.023931
0 0.952292 0.628388 0.011949 0.025369
0 0.709260 0.706905 0.013217 0.026525
0 0.871953 0.886008 0.014358 0.027265
0 0.196472 0.396599 0.015325 0.024290
0 0.501929 0.643142 0.015383 0.026169
0 0.092214 0.820218 0.016676 0.025767
0 0.645306 0.077264 0.011904 0.021299
0 0.598101 0.100563 0.012108 0.021082
0 0.521815 0.139851 0.011410 0.026592
0 0.826276 0.538348 0.013819 0.024099
0 0.226269 0.515839 0.014297 0.027458
0 0.552636 0.047737 0.013169 0.022442
0 0.100819 0.699900 0.013740 0.023380
0 0.608939 0.321365 0.014058 0.026183
0 0.634263 0.289276 0.011048 0.022419
0 0.554835 0.330152 0.014738 0.022695
0 0.052574 0.399368 0.014498 0.026723
0 0.982755 0.669120 0.011965 0.018988
0 0.317370 0.631894 0.012328 0.023923
0 0.727138 0.278632 0.016581 0.025702
0 0.875482 0.968035 0.014509 0.024220
0 0.352869 0.612093 0.015111 0.026198
0 0.777062 0.824225 0.014491 0.023176
0 0.440149 0.747499 0.014905 0.020137
0 0.414870 0.738258 0.013181 0.024713
0 0.915052 0.863887 0.015244 0.031473
0 0.333174 0.823128 0.014610 0.028640
0 0.186567 0.441970 0.013870 0.025618
0 0.855579 0.072614 0.017874 0.029049
0 0.566652 0.705972 0.014437 0.026258
0 0.309764 0.739153 0.016753 0.022587
0 0.951108 0.706713 0.017328 0.024216
0 0.655577 0.720134 0.018769 0.026763
0 0.652793 0.474106 0.014425 0.023828
0 0.472037 0.553705 0.021032 0.042570
0 0.753182 0.393820 0.016507 0.030083
0 0.654528 0.632835 0.016042 0.024023
0 0.768425 0.715387 0.014157 0.032286
0 0.709203 0.826821 0.019593 0.029540
0 0.744478 0.788983 0.015096 0.030292
0 0.433657 0.455724 0.017903 0.031237