0 0.660426 0.890360 0.010954 0.024510
0 0.284812 0.595180 0.019351 0.028551
0 0.986228 0.873924 0.014100 0.029513
0 0.296983 0.366974 0.012768 0.025320
0 0.310986 0.724164 0.014629 0.027433
0 0.311712 0.705168 0.017324 0.031983
0 0.030060 0.455018 0.021055 0.028973
0 0.052953 0.504732 0.014178 0.027651
0 0.559864 0.861440 0.010334 0.023052
0 0.333694 0.709897 0.021205 0.033496
0 0.916229 0.881249 0.020529 0.037261
0 0.440587 0.765736 0.011129 0.020817
0 0.436967 0.799020 0.013897 0.024894
0 0.665212 0.837731 0.029976 0.048122
0 0.780654 0.938066 0.012909 0.029528
0 0.638488 0.888741 0.014179 0.028443
0 0.036324 0.422606 0.017505 0.034590
0 0.459726 0.781280 0.010608 0.027446
0 0.371024 0.526106 0.012293 0.024694
0 0.636540 0.852767 0.013197 0.029765
0 0.502704 0.829886 0.011342 0.029259
0 0.462582 0.850999 0.015830 0.035342
0 0.441735 0.781544 0.011964 0.022772
0 0.556280 0.935071 0.015279 0.035110
0 0.660232 0.857234 0.022594 0.043652
0 0.189781 0.607866 0.025019 0.040718
0 0.155059 0.552038 0.018989 0.039213
0 0.771417 0.976523 0.015930 0.030832
0 0.334430 0.782828 0.012781 0.027864
0 0.578058 0.835106 0.014922 0.035364
0 0.536285 0.853234 0.019484 0.036658
0 0.194797 0.637992 0.032682 0.043894
0 0.403938 0.515887 0.015517 0.029737
0 0.650344 0.936951 0.025361 0.049420
0 0.026623 0.388865 0.021253 0.036510
0 0.344086 0.730386 0.018738 0.034721
0 0.326808 0.733549 0.017763 0.032151