0 0.798766 0.160625 0.012746 0.022832
0 0.294678 0.563343 0.020343 0.036092
0 0.276342 0.268089 0.014411 0.024238
0 0.734238 0.185330 0.026350 0.051126
0 0.271670 0.232131 0.014454 0.020339
0 0.243483 0.951599 0.027803 0.046756
0 0.217040 0.153381 0.013664 0.022518
0 0.707696 0.049864 0.015857 0.028248
0 0.569766 0.654099 0.013802 0.029458
0 0.053942 0.535307 0.013880 0.033326
0 0.179388 0.558210 0.014155 0.023918
0 0.155765 0.274736 0.015233 0.024622
0 0.313309 0.948351 0.032387 0.056917
0 0.221441 0.045141 0.018787 0.029534
0 0.299458 0.865399 0.027656 0.058188
0 0.126493 0.261634 0.028688 0.033129