0 0.017654 0.341881 0.010960 0.023611
0 0.346971 0.827297 0.021123 0.039835
0 0.936184 0.196232 0.010062 0.019671
0 0.701319 0.475706 0.011339 0.023451
0 0.290391 0.116205 0.009521 0.019607
0 0.349656 0.836133 0.018440 0.045028
0 0.654380 0.455831 0.012201 0.024414
0 0.301712 0.735550 0.012325 0.026924
0 0.672139 0.346312 0.009327 0.019260
0 0.199840 0.589532 0.009191 0.020684
0 0.749988 0.430942 0.010363 0.019477
0 0.292946 0.378346 0.011472 0.022582
0 0.493814 0.802135 0.010455 0.023532
0 0.404696 0.108180 0.013007 0.024651
0 0.808689 0.499571 0.009369 0.019243
0 0.156929 0.499942 0.009550 0.021796
0 0.270056 0.107402 0.011283 0.025169
0 0.857265 0.454931 0.009170 0.021005
0 0.505849 0.761240 0.010801 0.022829
0 0.409823 0.548508 0.016675 0.034732
0 0.525558 0.121936 0.014180 0.029111
0 0.726417 0.691278 0.011994 0.023584
0 0.438584 0.516897 0.015894 0.031140
0 0.535382 0.619648 0.013090 0.028809
0 0.474888 0.135718 0.016530 0.032866
0 0.754852 0.517734 0.010953 0.023041
0 0.826586 0.502996 0.012169 0.025321
0 0.606679 0.598445 0.012263 0.027678
0 0.553277 0.554975 0.017760 0.040057