0 0.929959 0.971348 0.017583 0.030132
0 0.069747 0.020418 0.010089 0.016962
0 0.311457 0.371377 0.020825 0.034559
0 0.483070 0.884029 0.017621 0.018064
0 0.797111 0.873602 0.019659 0.027756
0 0.651231 0.911372 0.015078 0.020986
0 0.942774 0.813186 0.014378 0.021016
0 0.856927 0.858164 0.013972 0.024016
0 0.797499 0.761121 0.013819 0.024036
0 0.612238 0.201921 0.013696 0.023342
0 0.126405 0.921099 0.012219 0.019886
0 0.200683 0.213817 0.015645 0.029923
0 0.839221 0.917641 0.013927 0.023605
0 0.438084 0.530342 0.015146 0.026673
0 0.640089 0.975163 0.015894 0.033160
0 0.176131 0.643337 0.008832 0.017212
0 0.969911 0.921834 0.012619 0.021568
0 0.887863 0.902471 0.021366 0.031594
0 0.027043 0.650279 0.009940 0.017885
0 0.932998 0.864680 0.014591 0.027219
0 0.183701 0.468667 0.010233 0.018001
0 0.482945 0.902659 0.019120 0.021501
0 0.422749 0.495891 0.016657 0.027940
0 0.438850 0.090842 0.025550 0.036320
0 0.205797 0.165148 0.023777 0.036954
0 0.936413 0.785627 0.016915 0.024864
0 0.432575 0.214920 0.019305 0.038754
0 0.108922 0.672900 0.010519 0.022136
0 0.092227 0.646179 0.012576 0.022249
0 0.350575 0.369813 0.020204 0.027942
0 0.931764 0.744502 0.019847 0.027306
0 0.449299 0.587003 0.023863 0.030947