0 0.459810 0.361517 0.020492 0.040715
0 0.274000 0.379518 0.016424 0.032611
0 0.896810 0.354913 0.022984 0.050870
0 0.926537 0.301895 0.021062 0.043411
0 0.880523 0.300079 0.023333 0.047698
0 0.329260 0.367277 0.028774 0.056364
0 0.813366 0.757814 0.026320 0.055637
0 0.161778 0.749543 0.026082 0.053576
0 0.330100 0.938580 0.018367 0.034634
0 0.220485 0.978544 0.021635 0.042449
0 0.372501 0.151116 0.026487 0.060822
0 0.517674 0.082798 0.033091 0.061853
0 0.151361 0.656706 0.027848 0.048281
0 0.473388 0.477656 0.026738 0.050459