0 0.782341 0.505138 0.009558 0.019965
0 0.919323 0.728896 0.010086 0.025971
0 0.963698 0.892503 0.009324 0.019868
0 0.929707 0.504550 0.010630 0.023398
0 0.795182 0.335380 0.009682 0.019966
0 0.502097 0.457974 0.009530 0.021655
0 0.594630 0.673761 0.010393 0.021982
0 0.120341 0.943743 0.010831 0.024509
0 0.278950 0.388827 0.010166 0.021815
0 0.854436 0.565055 0.010462 0.022374
0 0.125539 0.685689 0.020557 0.042605
0 0.547123 0.288472 0.009967 0.022611
0 0.822303 0.208263 0.009574 0.022802
0 0.444948 0.008904 0.011324 0.017380
0 0.881852 0.176229 0.009731 0.020250
0 0.651430 0.019836 0.010731 0.022853
0 0.595608 0.944193 0.011287 0.023169
0 0.820003 0.434803 0.010409 0.021477
0 0.818639 0.354421 0.010836 0.024783
0 0.108143 0.076521 0.011697 0.022612
0 0.066086 0.371409 0.032032 0.058726
0 0.792724 0.669788 0.013926 0.024223
0 0.583963 0.577638 0.012494 0.024326
0 0.666519 0.619942 0.011263 0.022595
0 0.464652 0.489133 0.010894 0.024880
0 0.974282 0.267530 0.008896 0.020544
0 0.785939 0.144635 0.010604 0.021231
0 0.957401 0.837079 0.010902 0.022405
0 0.723860 0.423844 0.010749 0.022720
0 0.523375 0.123507 0.010838 0.022587
0 0.894395 0.185276 0.009885 0.021296
0 0.270700 0.565275 0.010208 0.022640
0 0.752952 0.217265 0.010762 0.023020
0 0.836763 0.370621 0.010011 0.021257
0 0.403412 0.547055 0.012807 0.027744
0 0.219919 0.487617 0.013233 0.026069
0 0.902306 0.310211 0.010464 0.022329
0 0.498464 0.285113 0.012410 0.025714
0 0.918111 0.380523 0.010563 0.023281
0 0.299491 0.609405 0.011788 0.025782
0 0.415364 0.284639 0.011702 0.024629
0 0.501533 0.519270 0.014565 0.030443
0 0.748206 0.294533 0.016272 0.038573