0 0.719458 0.349198 0.013176 0.026589
0 0.813952 0.124861 0.009858 0.022580
0 0.176703 0.841876 0.019466 0.030268
0 0.055233 0.150820 0.015587 0.029579
0 0.217992 0.257853 0.015560 0.033142
0 0.711711 0.456982 0.011972 0.022355
0 0.152829 0.975347 0.018674 0.034390
0 0.905018 0.123666 0.016339 0.032364
0 0.743230 0.246712 0.013201 0.028874
0 0.306450 0.156265 0.019797 0.036658
0 0.416402 0.608311 0.012775 0.025000
0 0.654559 0.509622 0.016197 0.033095
0 0.286406 0.192479 0.015435 0.032001
0 0.151432 0.408639 0.015339 0.030168
0 0.254631 0.217403 0.018836 0.033405
0 0.211060 0.545105 0.022575 0.034635
0 0.057389 0.838449 0.019987 0.039110
0 0.546407 0.361408 0.013770 0.024340
0 0.110361 0.007572 0.027148 0.015144
0 0.122596 0.823321 0.018817 0.032236
0 0.274769 0.493967 0.016671 0.028858
0 0.192918 0.530061 0.021347 0.046275
0 0.365181 0.324077 0.018582 0.033573
0 0.458208 0.359715 0.015284 0.027479
0 0.123882 0.070383 0.024474 0.048805
0 0.209805 0.593979 0.024271 0.039617
0 0.284103 0.412713 0.023691 0.032380
0 0.257899 0.443880 0.018495 0.036280
0 0.251482 0.119222 0.037933 0.081090