0 0.048810 0.282349 0.011458 0.023973
0 0.077840 0.169217 0.016080 0.031483
0 0.909089 0.210390 0.009115 0.018459
0 0.094862 0.012216 0.016139 0.024396
0 0.517762 0.309226 0.009440 0.018425
0 0.917677 0.369953 0.009197 0.020697
0 0.618954 0.275387 0.008602 0.018343
0 0.673055 0.542894 0.009597 0.022488
0 0.819448 0.270416 0.008580 0.020608
0 0.923073 0.731802 0.014033 0.029944
0 0.719796 0.076917 0.009910 0.021381
0 0.569482 0.451985 0.009424 0.019489
0 0.047922 0.360457 0.011533 0.022037
0 0.926826 0.045029 0.009948 0.019336
0 0.282287 0.229407 0.009384 0.018966
0 0.179063 0.383783 0.011319 0.020107
0 0.902905 0.295866 0.008787 0.018594
0 0.527874 0.644215 0.015264 0.025162
0 0.130507 0.777911 0.013954 0.026976
0 0.083466 0.462381 0.011354 0.023569
0 0.061505 0.501932 0.011502 0.023346
0 0.096886 0.094535 0.015440 0.029109
0 0.137368 0.455626 0.012046 0.024313
0 0.040229 0.926639 0.014737 0.025304
0 0.886397 0.300894 0.008529 0.017653
0 0.355603 0.251935 0.009924 0.019371
0 0.305706 0.438021 0.010325 0.020025
0 0.241067 0.486851 0.011078 0.020668
0 0.837669 0.232585 0.009736 0.020629
0 0.798841 0.569757 0.011326 0.020914
0 0.972148 0.452748 0.010199 0.021828
0 0.321294 0.172018 0.011150 0.022682
0 0.434573 0.153522 0.011529 0.020057
0 0.368192 0.738054 0.011570 0.019797
0 0.431980 0.757348 0.014244 0.020557
0 0.611631 0.502691 0.012065 0.023019
0 0.286352 0.274349 0.010925 0.020789
0 0.557637 0.321484 0.010448 0.018455
0 0.318431 0.535225 0.011189 0.019995
0 0.542385 0.582597 0.012191 0.021360
0 0.543253 0.496592 0.013431 0.023941
0 0.458487 0.372598 0.011587 0.024345