0 0.950358 0.945312 0.008574 0.017991
0 0.433397 0.630988 0.008102 0.015892
0 0.115845 0.477734 0.012207 0.025380
0 0.973566 0.671039 0.008017 0.015635
0 0.584292 0.760367 0.009768 0.019238
0 0.158758 0.848382 0.008384 0.015924
0 0.501919 0.130258 0.013959 0.026454
0 0.977312 0.425661 0.009144 0.018401
0 0.916455 0.800836 0.008915 0.018737
0 0.831590 0.156478 0.011433 0.018943
0 0.732843 0.845275 0.008846 0.018531
0 0.341054 0.533079 0.009255 0.016188
0 0.450978 0.452324 0.009391 0.021055
0 0.386204 0.416423 0.011949 0.023600
0 0.020294 0.505001 0.009659 0.022525
0 0.385475 0.529589 0.009185 0.015955
0 0.034658 0.612801 0.019705 0.034427
0 0.869951 0.839788 0.012492 0.027217
0 0.081511 0.634438 0.017276 0.036471
0 0.595284 0.320935 0.012786 0.027923
0 0.637927 0.566949 0.009641 0.018801
0 0.457901 0.494860 0.009104 0.019291
0 0.870307 0.712504 0.013964 0.029216
0 0.017002 0.209289 0.014451 0.030940