0 0.606136 0.772410 0.020103 0.035206
0 0.615236 0.207359 0.027938 0.043395
0 0.622373 0.318761 0.019167 0.027508
0 0.697702 0.574503 0.016422 0.031612
0 0.622386 0.463176 0.012424 0.027561
0 0.614375 0.581642 0.018781 0.033790
0 0.542442 0.302877 0.022154 0.029902
0 0.531732 0.130227 0.024568 0.028717
0 0.346851 0.312901 0.021024 0.025808
0 0.602137 0.388254 0.011479 0.025358
0 0.686319 0.728594 0.017108 0.031305
0 0.632093 0.437604 0.013030 0.028573
0 0.456448 0.303621 0.018228 0.029904
0 0.567019 0.244288 0.019718 0.028508
0 0.485874 0.768802 0.018916 0.035865
0 0.690027 0.473817 0.013561 0.042744
0 0.553265 0.502721 0.015140 0.031249
0 0.843910 0.626282 0.014738 0.027147
0 0.675407 0.857637 0.018374 0.026412
0 0.445559 0.056288 0.028822 0.031181
0 0.691952 0.397406 0.011292 0.026291
0 0.636928 0.817878 0.019659 0.034665
0 0.612781 0.348031 0.017624 0.032576
0 0.563899 0.136492 0.014879 0.028278
0 0.419926 0.193708 0.014174 0.030015
0 0.716852 0.131029 0.009744 0.026613
0 0.386747 0.919885 0.019652 0.035057
0 0.541677 0.744579 0.021787 0.036468
0 0.753116 0.454775 0.012480 0.027780
0 0.548849 0.406904 0.021604 0.034601
0 0.573049 0.336082 0.018023 0.027492
0 0.151017 0.102960 0.026594 0.047700
0 0.571804 0.024855 0.015495 0.028115
0 0.369630 0.680882 0.037837 0.036779
0 0.349795 0.802996 0.026037 0.041720
0 0.373419 0.114921 0.042184 0.090790
0 0.117114 0.237864 0.026573 0.051693
0 0.442713 0.491481 0.027173 0.035949
0 0.621948 0.094729 0.017072 0.029899
0 0.760445 0.292783 0.012685 0.031100
0 0.332152 0.870695 0.054709 0.060531
0 0.675760 0.282408 0.017589 0.034335
0 0.741974 0.209533 0.013363 0.028606
0 0.721649 0.656791 0.034518 0.056880