0 0.411113 0.598064 0.004728 0.006901
0 0.358542 0.296340 0.006316 0.010334
0 0.815015 0.676260 0.005483 0.009515
0 0.296768 0.684088 0.005370 0.007866
0 0.310811 0.434938 0.005560 0.008520
0 0.669268 0.576127 0.009560 0.014682
0 0.056703 0.161913 0.005557 0.012572
0 0.596606 0.540903 0.005845 0.009298
0 0.536949 0.650042 0.004974 0.008950
0 0.514701 0.405708 0.005187 0.008359
0 0.699353 0.518631 0.005498 0.009470
0 0.164739 0.672727 0.007680 0.012948
0 0.862034 0.426392 0.008654 0.019180
0 0.697653 0.674723 0.012380 0.020940
0 0.269871 0.328892 0.006067 0.008829
0 0.223283 0.468091 0.008037 0.010116
0 0.241256 0.953915 0.007928 0.011717
0 0.093353 0.396442 0.005959 0.010310
0 0.210375 0.317424 0.007333 0.009659
0 0.363199 0.618403 0.005473 0.008134
0 0.634393 0.265900 0.006017 0.008591
0 0.054917 0.230451 0.005731 0.012099
0 0.067052 0.430003 0.004934 0.008734
0 0.957574 0.301015 0.006654 0.010441
0 0.581231 0.509620 0.006037 0.011108
0 0.084538 0.242247 0.005304 0.011448
0 0.162914 0.799881 0.013454 0.023967
0 0.241073 0.439884 0.005128 0.009179
0 0.041709 0.688064 0.006528 0.008951
0 0.082696 0.867930 0.014015 0.020945
0 0.781031 0.455244 0.007259 0.010980
0 0.129224 0.426642 0.010697 0.016661
0 0.151012 0.204355 0.006885 0.014941
0 0.123843 0.395777 0.005579 0.008950
0 0.566751 0.496576 0.005839 0.011482
0 0.179495 0.622658 0.007581 0.012865
0 0.380704 0.599180 0.005656 0.009093
0 0.367532 0.508812 0.008801 0.010644
0 0.554486 0.621255 0.005696 0.009442
0 0.578321 0.620466 0.005593 0.009207
0 0.493513 0.598982 0.005921 0.009150
0 0.452196 0.354096 0.005166 0.010640
0 0.115728 0.868102 0.013726 0.021880
0 0.753717 0.577811 0.006543 0.010973
0 0.248613 0.703849 0.006192 0.009345
0 0.285140 0.413132 0.006968 0.010297
0 0.044818 0.768322 0.007251 0.012593
0 0.761839 0.947650 0.012628 0.018589
0 0.672969 0.810090 0.006429 0.010644
0 0.476857 0.208718 0.007731 0.010958
0 0.151591 0.858677 0.009869 0.014902
0 0.670673 0.975392 0.015746 0.020676
0 0.116544 0.790841 0.005516 0.009844
0 0.144166 0.515981 0.006367 0.009692
0 0.053093 0.285282 0.005233 0.008441
0 0.625840 0.622317 0.006498 0.010448
0 0.476936 0.525382 0.007228 0.010649
0 0.035133 0.385413 0.005320 0.009523
0 0.752494 0.657985 0.006579 0.013471
0 0.583910 0.956907 0.012480 0.021261
0 0.533468 0.531014 0.008288 0.012520
0 0.026332 0.295536 0.005749 0.010231
0 0.569650 0.556055 0.006730 0.008956
0 0.097025 0.505041 0.005915 0.010469
0 0.895918 0.930142 0.012655 0.019862
0 0.353067 0.660291 0.006350 0.008635
0 0.686322 0.626047 0.006743 0.011020
0 0.519117 0.618952 0.006417 0.009881
0 0.028538 0.423213 0.005518 0.010571
0 0.052614 0.346533 0.006795 0.010861
0 0.863691 0.332506 0.007238 0.009701
0 0.797441 0.617706 0.008583 0.011905
0 0.247959 0.608589 0.007237 0.010988
0 0.254216 0.426451 0.006386 0.008593
0 0.293690 0.628982 0.007508 0.011605
0 0.462140 0.605794 0.006557 0.011740
0 0.213601 0.498132 0.008039 0.015690
0 0.289107 0.289506 0.007122 0.012251