0 0.036391 0.141558 0.014846 0.042155
0 0.237668 0.625013 0.011092 0.027097
0 0.458865 0.316458 0.015950 0.036909
0 0.449214 0.158667 0.016205 0.034106
0 0.155338 0.835127 0.018412 0.030614
0 0.045957 0.812645 0.011383 0.018288
0 0.425426 0.253412 0.013370 0.029317
0 0.074726 0.643674 0.010957 0.019326
0 0.152445 0.715583 0.014873 0.026341
0 0.034562 0.893688 0.012025 0.019827
0 0.733003 0.509002 0.010930 0.025992
0 0.403182 0.346672 0.013386 0.024528
0 0.541581 0.738350 0.014656 0.029477
0 0.627922 0.092181 0.012618 0.032793
0 0.661836 0.035530 0.016124 0.036676
0 0.220992 0.034552 0.019508 0.046139
0 0.353677 0.193244 0.015392 0.037298
0 0.258265 0.149718 0.016445 0.030543
0 0.117553 0.083692 0.021086 0.041309
0 0.200176 0.081307 0.019624 0.040652
0 0.443368 0.045476 0.018227 0.038182
0 0.104408 0.794570 0.017224 0.026636
0 0.136786 0.769745 0.016867 0.027486