0 0.279284 0.829878 0.019831 0.019101
0 0.120739 0.490531 0.022948 0.021473
0 0.202362 0.716722 0.024503 0.024218
0 0.206285 0.734565 0.023853 0.030258
0 0.007282 0.714097 0.014564 0.044210
0 0.133874 0.887661 0.019217 0.022870
0 0.205721 0.946734 0.026629 0.021373
0 0.011557 0.605601 0.023101 0.022958
0 0.051795 0.532732 0.025578 0.021562
0 0.164580 0.816538 0.026661 0.063545
0 0.165340 0.655056 0.031528 0.029012
0 0.148707 0.790235 0.030045 0.026265
0 0.060617 0.645760 0.034291 0.030604
0 0.279136 0.851602 0.031428 0.028432
0 0.253132 0.957189 0.026699 0.021318
0 0.182136 0.537390 0.028175 0.032955
0 0.071199 0.967734 0.028337 0.022518
0 0.029825 0.801563 0.026233 0.023610
0 0.054772 0.905818 0.028779 0.024418
0 0.207272 0.904373 0.039958 0.022324
0 0.027689 0.956575 0.028201 0.022736
0 0.196037 0.621574 0.037426 0.030903
0 0.106907 0.822562 0.046753 0.032869
0 0.067949 0.933688 0.035065 0.024208
0 0.087672 0.522951 0.035652 0.028806
0 0.141566 0.608819 0.041522 0.044309