0 0.858232 0.126443 0.018845 0.054543
0 0.317402 0.877313 0.021510 0.049142
0 0.749167 0.290712 0.008937 0.017889
0 0.343027 0.549893 0.015098 0.033201
0 0.111663 0.650916 0.014520 0.030286
0 0.913410 0.874704 0.017692 0.037963
0 0.211383 0.020395 0.018838 0.039844
0 0.860072 0.238064 0.013962 0.027341
0 0.430028 0.421608 0.009083 0.021695
0 0.358985 0.301729 0.014060 0.034174
0 0.768862 0.298517 0.012118 0.026464
0 0.383283 0.655845 0.016864 0.032071
0 0.248058 0.635547 0.012618 0.027730
0 0.053812 0.361314 0.012801 0.029478
0 0.299390 0.353342 0.017562 0.040044
0 0.700470 0.245626 0.010418 0.020883
0 0.701723 0.356270 0.009997 0.023084
0 0.469586 0.512332 0.011289 0.028398
0 0.625449 0.611614 0.019085 0.037535
0 0.049981 0.419750 0.014999 0.032972