0 0.105948 0.051839 0.008386 0.012245
0 0.443787 0.263993 0.012685 0.017010
0 0.008582 0.354486 0.008971 0.012196
0 0.376730 0.645545 0.009230 0.016656
0 0.490253 0.624760 0.007138 0.012500
0 0.239431 0.094049 0.008063 0.011626
0 0.046449 0.090128 0.009994 0.012428
0 0.725920 0.058627 0.012693 0.022619
0 0.166524 0.141005 0.008371 0.015110
0 0.025964 0.138039 0.023325 0.020001
0 0.530135 0.120703 0.008431 0.011956
0 0.365062 0.415613 0.018993 0.018470
0 0.346914 0.192217 0.013893 0.016793
0 0.184698 0.458764 0.010184 0.012097
0 0.052500 0.549887 0.013763 0.014551
0 0.070940 0.247273 0.009928 0.013288
0 0.754385 0.416081 0.010823 0.023857
0 0.531538 0.039673 0.009310 0.016160
0 0.055209 0.299922 0.012954 0.020991
0 0.429582 0.247005 0.012144 0.015646
0 0.777296 0.735873 0.009254 0.019474
0 0.543252 0.768284 0.009955 0.012943
0 0.386548 0.631196 0.006997 0.011910
0 0.165308 0.613232 0.011939 0.022171
0 0.062246 0.365752 0.008377 0.011902
0 0.849879 0.202762 0.012447 0.020892
0 0.412817 0.167107 0.012171 0.016138
0 0.119856 0.012055 0.009731 0.013766
0 0.360509 0.129359 0.007885 0.015045
0 0.229317 0.172525 0.009267 0.014048
0 0.289683 0.283351 0.008541 0.013305
0 0.613955 0.302187 0.009151 0.016924
0 0.462594 0.299992 0.012033 0.019790
0 0.380204 0.035517 0.015659 0.019108
0 0.471793 0.349845 0.008998 0.012551
0 0.376883 0.054730 0.011277 0.013600
0 0.428672 0.284326 0.008002 0.013276
0 0.445521 0.399242 0.007796 0.013269
0 0.285718 0.222521 0.010441 0.013827
0 0.149412 0.184396 0.014812 0.016530
0 0.632562 0.372438 0.008104 0.012147
0 0.246389 0.481449 0.009105 0.014169
0 0.111316 0.272637 0.012776 0.017298
0 0.375333 0.534174 0.008608 0.013484
0 0.362174 0.194210 0.008956 0.012521
0 0.243846 0.643612 0.008646 0.016563
0 0.428407 0.420193 0.007838 0.013247
0 0.201129 0.474262 0.008477 0.012761
0 0.317223 0.518637 0.007644 0.012070
0 0.287826 0.792002 0.008936 0.013331
0 0.962380 0.362023 0.010566 0.019332
0 0.078132 0.176722 0.009872 0.013478
0 0.429519 0.303330 0.010089 0.011599
0 0.103824 0.131778 0.012694 0.015568