0 0.012764 0.833484 0.016572 0.032314
0 0.248214 0.794172 0.010964 0.015253
0 0.250480 0.049364 0.009075 0.023959
0 0.754082 0.604425 0.011388 0.018152
0 0.221469 0.043395 0.009398 0.018544
0 0.577090 0.396958 0.008961 0.019154
0 0.195722 0.769743 0.013840 0.014665
0 0.430027 0.739645 0.017175 0.023043
0 0.064026 0.414111 0.016385 0.032305
0 0.227989 0.553341 0.012494 0.017562
0 0.415259 0.694360 0.013545 0.015575
0 0.147457 0.785692 0.013130 0.015078
0 0.027909 0.115265 0.012545 0.029247
0 0.465404 0.514820 0.013974 0.020228
0 0.392198 0.459587 0.013090 0.017529
0 0.367689 0.580067 0.022567 0.017188
0 0.638606 0.077706 0.011371 0.022486
0 0.668118 0.549291 0.016640 0.017603
0 0.569419 0.170139 0.010703 0.022328
0 0.389852 0.664253 0.016074 0.024371
0 0.311649 0.559917 0.015629 0.020220
0 0.185685 0.336477 0.019727 0.022883
0 0.212616 0.597406 0.022755 0.033990