0 0.664374 0.098610 0.016561 0.023197
0 0.472957 0.123435 0.011585 0.025432
0 0.258299 0.983021 0.031239 0.030419
0 0.261434 0.554414 0.013085 0.030634
0 0.353976 0.904921 0.016164 0.034318
0 0.668627 0.256650 0.011466 0.022161
0 0.333053 0.894681 0.019485 0.041876
0 0.424143 0.188187 0.014800 0.025042
0 0.122765 0.238865 0.012476 0.029816
0 0.295139 0.881935 0.019959 0.042044
0 0.326094 0.578399 0.014072 0.032721
0 0.700814 0.126841 0.023849 0.038391
0 0.641095 0.109890 0.014023 0.025813
0 0.320883 0.883546 0.022759 0.055349
0 0.366802 0.076798 0.015411 0.027121
0 0.240895 0.254216 0.012964 0.025944
0 0.375269 0.647684 0.017038 0.033682
0 0.305143 0.202614 0.013839 0.028619
0 0.636388 0.632125 0.020057 0.043116
0 0.459281 0.387785 0.025181 0.054791
0 0.156767 0.171975 0.016542 0.030640
0 0.089321 0.307989 0.024284 0.042281
0 0.380861 0.754220 0.020305 0.043470
0 0.883284 0.176032 0.032833 0.063550
0 0.532253 0.362115 0.020094 0.045288
0 0.385059 0.227395 0.021754 0.045519
0 0.587133 0.566428 0.039898 0.086175
0 0.444917 0.092838 0.020762 0.040077