0 0.450209 0.406550 0.010085 0.021944
0 0.855366 0.853074 0.008749 0.017471
0 0.536345 0.242135 0.009984 0.023495
0 0.981410 0.376876 0.010597 0.018650
0 0.603377 0.909137 0.009220 0.018679
0 0.181331 0.394848 0.013425 0.026172
0 0.416474 0.101971 0.010053 0.022859
0 0.847391 0.645301 0.009383 0.019057
0 0.799799 0.119232 0.010307 0.020017
0 0.519619 0.611082 0.011150 0.025226
0 0.767827 0.160337 0.010661 0.020317
0 0.402114 0.839703 0.013981 0.027598
0 0.588888 0.615472 0.009786 0.022545
0 0.335793 0.752575 0.009326 0.019770
0 0.148462 0.718660 0.009694 0.020837
0 0.726177 0.672654 0.009825 0.020634
0 0.341525 0.244864 0.015005 0.027732
0 0.927105 0.653664 0.009076 0.018544
0 0.350464 0.384193 0.014407 0.026536
0 0.842373 0.918025 0.009140 0.019359
0 0.962408 0.425363 0.011317 0.024512
0 0.517992 0.072328 0.011286 0.022300
0 0.126797 0.717746 0.011811 0.023491
0 0.227160 0.906456 0.011738 0.024704
0 0.532060 0.701749 0.011302 0.023018
0 0.497429 0.684269 0.010743 0.021398
0 0.788088 0.356529 0.011106 0.023813
0 0.832431 0.690412 0.011354 0.023274
0 0.566728 0.668805 0.010926 0.022924
0 0.728985 0.592962 0.010651 0.022083
0 0.693498 0.333223 0.012727 0.027212
0 0.601364 0.820105 0.016894 0.031753
0 0.639901 0.607362 0.014806 0.030117
0 0.427698 0.841984 0.021872 0.039254