0 0.954504 0.556012 0.016410 0.028872
0 0.328365 0.618306 0.010705 0.026794
0 0.750838 0.659677 0.013915 0.027782
0 0.553158 0.033064 0.009694 0.020964
0 0.881289 0.579820 0.008408 0.021560
0 0.930173 0.530111 0.017445 0.019470
0 0.851131 0.706046 0.014016 0.028788
0 0.911093 0.364822 0.015299 0.032667
0 0.390122 0.812468 0.011008 0.022245
0 0.713119 0.851713 0.009570 0.018965
0 0.889044 0.580432 0.022749 0.029372
0 0.733764 0.908924 0.009827 0.018410
0 0.681210 0.805454 0.010612 0.023051
0 0.361157 0.645752 0.009955 0.021920
0 0.565658 0.234123 0.012447 0.025878
0 0.572655 0.057499 0.016670 0.033308
0 0.534694 0.197221 0.018326 0.036016
0 0.866520 0.209916 0.021457 0.043501