0 0.098809 0.704069 0.017852 0.041913
0 0.616955 0.336804 0.019106 0.044216
0 0.198779 0.531642 0.017086 0.039752
0 0.248266 0.472008 0.016279 0.039613
0 0.325711 0.280955 0.017625 0.035872
0 0.260113 0.190027 0.016331 0.035869
0 0.306925 0.158405 0.018760 0.045449
0 0.445408 0.042959 0.019784 0.047628
0 0.534406 0.881726 0.028815 0.083816
0 0.869565 0.656328 0.025644 0.059877
0 0.298048 0.039356 0.024681 0.050936
0 0.529589 0.556958 0.019042 0.043541
0 0.403454 0.734652 0.019024 0.039946
0 0.502703 0.422593 0.020172 0.039825
0 0.281869 0.645046 0.015211 0.032467
0 0.236961 0.659826 0.015839 0.035957
0 0.575587 0.365102 0.018495 0.040621
0 0.680664 0.758848 0.020805 0.059679
0 0.151991 0.105070 0.029896 0.057223
0 0.187294 0.933238 0.024625 0.040000
0 0.154014 0.363914 0.016254 0.030529
0 0.678286 0.684584 0.017425 0.034724
0 0.076821 0.210914 0.022279 0.045228
0 0.163980 0.618861 0.020698 0.048155
0 0.194997 0.032048 0.023975 0.051589
0 0.252226 0.874006 0.030064 0.052276
0 0.604012 0.924864 0.029463 0.067716
0 0.444994 0.122127 0.019284 0.053458
0 0.430755 0.506331 0.021770 0.047379