0 0.201786 0.251019 0.030420 0.036568
0 0.056894 0.264457 0.021868 0.041291
0 0.010383 0.384105 0.020659 0.050562
0 0.019085 0.387806 0.038091 0.069281
0 0.364518 0.493185 0.021970 0.044191
0 0.198023 0.891935 0.024989 0.039971
0 0.205528 0.229267 0.033161 0.041249
0 0.046600 0.270504 0.040521 0.051192
0 0.087480 0.516914 0.015523 0.031753
0 0.619925 0.420161 0.021288 0.034681
0 0.009938 0.789119 0.019877 0.053142
0 0.375920 0.980155 0.022833 0.036448
0 0.196912 0.013315 0.053664 0.026555
0 0.052905 0.355737 0.029550 0.050252
0 0.647702 0.641428 0.033966 0.043275
0 0.021451 0.865016 0.042665 0.061178
0 0.364793 0.344437 0.025776 0.035228
0 0.618947 0.547908 0.019375 0.042733
0 0.700968 0.621159 0.020596 0.040927
0 0.057157 0.726013 0.023278 0.041047
0 0.302122 0.498642 0.030829 0.066987
0 0.363870 0.607862 0.020547 0.035859
0 0.689667 0.400511 0.015894 0.036841
0 0.191457 0.359925 0.031241 0.042239
0 0.337924 0.922207 0.034776 0.056877
0 0.215899 0.827184 0.034148 0.063167
0 0.618370 0.590825 0.025118 0.040104
0 0.106718 0.167355 0.029418 0.041300
0 0.103921 0.354970 0.074449 0.075406
0 0.131790 0.794354 0.026277 0.037819
0 0.749113 0.671536 0.041861 0.047126
0 0.061441 0.511363 0.021419 0.035932
0 0.090037 0.418006 0.031907 0.054618
0 0.080860 0.567909 0.032419 0.048254
0 0.217923 0.530270 0.026007 0.056008