0 0.913035 0.265775 0.020532 0.036412
0 0.541794 0.724703 0.022584 0.034812
0 0.851102 0.061828 0.012934 0.026982
0 0.185543 0.448983 0.020752 0.040035
0 0.302289 0.341424 0.019296 0.034198
0 0.660524 0.719129 0.012485 0.026376
0 0.161614 0.629373 0.023278 0.047427
0 0.618493 0.493635 0.014527 0.028249
0 0.470953 0.805835 0.022146 0.037695
0 0.285067 0.492468 0.014666 0.038905
0 0.904468 0.212506 0.015212 0.028247
0 0.447126 0.581312 0.015504 0.034246
0 0.415740 0.738859 0.019661 0.041162
0 0.111277 0.184220 0.028403 0.051016
0 0.149840 0.067932 0.017640 0.033879
0 0.700646 0.733745 0.023887 0.039779
0 0.755486 0.470511 0.019033 0.041462
0 0.446940 0.321304 0.022427 0.039779
0 0.268513 0.956147 0.061180 0.084022
0 0.634852 0.375009 0.029471 0.062040
0 0.274328 0.314398 0.039194 0.059781
0 0.268231 0.116256 0.041457 0.063962