0 0.104593 0.437237 0.028276 0.053116
0 0.473354 0.409637 0.024992 0.050950
0 0.681580 0.842431 0.015613 0.032749
0 0.924271 0.506565 0.017157 0.037157
0 0.085110 0.722620 0.021075 0.038766
0 0.844983 0.171208 0.018070 0.037231
0 0.791011 0.159000 0.021195 0.041507
0 0.074129 0.343119 0.041035 0.055464
0 0.037659 0.311891 0.036504 0.067374
0 0.320283 0.438121 0.033214 0.065130
0 0.662532 0.298960 0.025604 0.053005
0 0.786155 0.750463 0.034812 0.073691
0 0.546269 0.754510 0.031139 0.062308
0 0.092832 0.823359 0.033052 0.061357
0 0.631406 0.848220 0.036082 0.071934
0 0.376964 0.284806 0.054474 0.110423
0 0.248579 0.280574 0.041191 0.074213
0 0.625965 0.541922 0.036994 0.070613