0 0.039958 0.645991 0.013967 0.015994
0 0.590681 0.515362 0.014724 0.016574
0 0.857346 0.849091 0.017789 0.028845
0 0.495653 0.262233 0.011987 0.021239
0 0.303912 0.318615 0.011494 0.020852
0 0.539269 0.270260 0.012429 0.014649
0 0.409648 0.226719 0.027728 0.074990
0 0.053898 0.244417 0.012086 0.019277
0 0.353419 0.171800 0.013302 0.019772
0 0.908671 0.722233 0.012941 0.015643
0 0.282133 0.086713 0.008836 0.016469
0 0.384358 0.048510 0.014716 0.016880
0 0.479533 0.015351 0.011633 0.021306
0 0.510481 0.339177 0.014106 0.016387
0 0.520401 0.460921 0.011673 0.016041
0 0.403375 0.383172 0.010998 0.015496
0 0.230612 0.104649 0.010976 0.013735
0 0.773243 0.639637 0.011989 0.016541
0 0.656283 0.797138 0.012842 0.015752
0 0.342732 0.290460 0.013050 0.022787
0 0.475182 0.051503 0.010875 0.019167
0 0.866418 0.622515 0.010158 0.018567
0 0.131726 0.719291 0.012078 0.023070
0 0.678557 0.680997 0.011542 0.021992
0 0.892827 0.628152 0.011861 0.019565
0 0.623612 0.352233 0.010986 0.018706
0 0.226650 0.754980 0.013657 0.031747
0 0.621302 0.464272 0.013641 0.022238
0 0.981108 0.600079 0.013476 0.023725
0 0.324828 0.202619 0.013969 0.016747
0 0.157811 0.112767 0.012021 0.020969
0 0.522842 0.219696 0.016937 0.020278
0 0.382747 0.419767 0.016063 0.017364
0 0.077205 0.069396 0.015499 0.028287
0 0.473874 0.569159 0.013291 0.015995
0 0.961808 0.521073 0.014448 0.033463
0 0.615148 0.240458 0.013685 0.019086
0 0.700936 0.198042 0.015404 0.027015
0 0.832515 0.162029 0.020923 0.036312
0 0.895583 0.237403 0.025690 0.041271