0 0.638606 0.701594 0.010467 0.023946
0 0.524930 0.480465 0.019245 0.037824
0 0.624996 0.712504 0.010330 0.026078
0 0.527868 0.602317 0.018905 0.026499
0 0.245710 0.526637 0.012593 0.024918
0 0.954138 0.012073 0.021567 0.024147
0 0.315438 0.484063 0.013325 0.030265
0 0.308684 0.823461 0.021550 0.037374
0 0.314840 0.594487 0.017288 0.028540
0 0.930162 0.015216 0.018180 0.030430
0 0.386814 0.010445 0.035178 0.020890
0 0.253585 0.789236 0.020141 0.035591
0 0.714101 0.931760 0.020544 0.029535
0 0.061951 0.584560 0.016320 0.033104
0 0.767721 0.447587 0.018480 0.040042
0 0.195967 0.474380 0.012890 0.025970
0 0.790894 0.883349 0.017187 0.028701
0 0.730135 0.850020 0.018339 0.033466
0 0.588615 0.339894 0.014316 0.028373
0 0.546007 0.206075 0.016737 0.039743
0 0.682594 0.813452 0.013826 0.031348
0 0.488131 0.245019 0.019893 0.034405
0 0.693871 0.979054 0.021853 0.033639
0 0.471065 0.017802 0.018052 0.035605
0 0.324430 0.664331 0.034520 0.056239
0 0.176749 0.640691 0.012825 0.025913
0 0.857547 0.577878 0.015588 0.029524
0 0.424071 0.015536 0.026455 0.031073
0 0.842309 0.053557 0.031939 0.073978
0 0.612485 0.448690 0.014753 0.033660
0 0.017198 0.463140 0.021194 0.035918
0 0.257919 0.856257 0.016096 0.033318
0 0.284092 0.910585 0.013490 0.029081
0 0.989449 0.763407 0.014569 0.033210
0 0.328323 0.903866 0.015888 0.036845
0 0.890397 0.766320 0.022635 0.048605
0 0.029399 0.843581 0.019201 0.039424
0 0.209494 0.842903 0.016830 0.032431
0 0.795984 0.662704 0.022888 0.047119
0 0.803803 0.534717 0.018083 0.041189