0 0.587804 0.809840 0.009233 0.022827
0 0.816697 0.532863 0.007259 0.016604
0 0.800758 0.594763 0.008802 0.019743
0 0.931691 0.782748 0.008419 0.017511
0 0.981206 0.595205 0.008032 0.017689
0 0.353079 0.374200 0.010199 0.023084
0 0.159598 0.837468 0.008540 0.019196
0 0.063697 0.945046 0.008668 0.023460
0 0.209798 0.917871 0.008952 0.016136
0 0.892049 0.656680 0.009338 0.022158
0 0.824143 0.632350 0.010047 0.021762
0 0.406389 0.974151 0.013337 0.017088
0 0.617870 0.955331 0.009390 0.023773
0 0.528696 0.900601 0.007969 0.017252
0 0.123652 0.837592 0.008430 0.017332
0 0.208103 0.851873 0.009098 0.020974
0 0.697579 0.821506 0.008533 0.017598
0 0.494002 0.944712 0.008338 0.020043
0 0.702021 0.565949 0.009842 0.023155
0 0.571992 0.728291 0.008277 0.016514
0 0.823419 0.486586 0.008619 0.018509
0 0.568173 0.706020 0.008560 0.018741
0 0.793076 0.713370 0.008186 0.018589
0 0.568564 0.417017 0.009759 0.021032
0 0.158798 0.878592 0.010999 0.018257
0 0.618646 0.750797 0.008660 0.019538
0 0.143643 0.833789 0.008572 0.020755
0 0.552037 0.835254 0.008729 0.016705
0 0.394775 0.316512 0.009617 0.021921
0 0.876336 0.682921 0.007893 0.017358
0 0.983339 0.733248 0.009537 0.020581
0 0.930733 0.606086 0.009978 0.020295
0 0.924975 0.660970 0.008496 0.020188
0 0.614915 0.816777 0.008230 0.018085
0 0.827285 0.439594 0.009577 0.020285
0 0.228665 0.611133 0.008521 0.020497
0 0.384679 0.136821 0.009977 0.025526
0 0.603945 0.747795 0.008684 0.019589
0 0.906899 0.637370 0.008714 0.020032
0 0.604263 0.820516 0.009037 0.017695
0 0.580302 0.938544 0.010832 0.018694
0 0.601324 0.897050 0.009895 0.021181
0 0.397371 0.915016 0.009770 0.022764
0 0.867891 0.720954 0.011308 0.022870