0 0.973967 0.765114 0.027911 0.065639
0 0.170743 0.665535 0.014827 0.029086
0 0.310845 0.011319 0.016963 0.022007
0 0.084795 0.228274 0.014186 0.034178
0 0.180275 0.193990 0.018933 0.042225
0 0.381792 0.662703 0.015951 0.037246
0 0.169723 0.236268 0.014412 0.034682
0 0.089703 0.291238 0.014409 0.028961
0 0.369716 0.065520 0.015809 0.028399
0 0.424973 0.054243 0.018485 0.037326
0 0.282317 0.416898 0.012755 0.028491
0 0.818747 0.809761 0.015109 0.032921
0 0.875866 0.716022 0.023530 0.059633
0 0.164390 0.679108 0.026009 0.057304
0 0.811594 0.875329 0.015898 0.035492
0 0.054800 0.373269 0.012553 0.031889