0 0.317336 0.585197 0.019519 0.023228
0 0.088818 0.848308 0.013830 0.017662
0 0.395685 0.455608 0.014827 0.018659
0 0.468647 0.363239 0.013730 0.018771
0 0.476770 0.296310 0.019176 0.020856
0 0.019001 0.881751 0.017710 0.017512
0 0.695954 0.232969 0.020403 0.021635
0 0.544150 0.313259 0.021681 0.020026
0 0.475460 0.315768 0.017132 0.016963
0 0.255964 0.631000 0.027789 0.025028
0 0.854535 0.116154 0.018542 0.023110
0 0.576437 0.265886 0.011498 0.029986
0 0.661254 0.259855 0.033135 0.023793
0 0.889790 0.110217 0.028744 0.031612
0 0.568350 0.284253 0.029072 0.024644
0 0.597116 0.263177 0.049149 0.039003
0 0.372117 0.409393 0.024783 0.019989
0 0.503550 0.391470 0.023589 0.023419
0 0.501269 0.296046 0.023634 0.020275
0 0.438313 0.390289 0.017743 0.019364
0 0.400640 0.486003 0.019204 0.023389
0 0.416179 0.409488 0.018739 0.019778
0 0.499569 0.346026 0.020169 0.021175
0 0.439739 0.376495 0.023018 0.020686
0 0.469407 0.382060 0.022193 0.019812
0 0.452543 0.413515 0.023434 0.022333
0 0.081626 0.869575 0.022085 0.020365