0 0.043402 0.812582 0.010769 0.023994
0 0.845303 0.384043 0.015808 0.031650
0 0.081213 0.278835 0.031907 0.060928
0 0.607924 0.704732 0.019958 0.070523
0 0.284564 0.327220 0.013288 0.030847
0 0.635710 0.646018 0.026063 0.064794
0 0.100626 0.448089 0.025626 0.039576
0 0.818873 0.879795 0.046423 0.074856
0 0.857425 0.402258 0.021697 0.035346
0 0.009833 0.858964 0.013869 0.027322
0 0.053707 0.422046 0.017828 0.037944
0 0.562411 0.815644 0.015116 0.031609
0 0.017156 0.315952 0.016753 0.030065
0 0.840952 0.135658 0.013509 0.029574
0 0.359287 0.836866 0.012056 0.025144
0 0.817521 0.464626 0.017970 0.037456
0 0.449897 0.065721 0.019626 0.037723
0 0.029565 0.775575 0.016556 0.030402
0 0.335460 0.777602 0.011222 0.023034
0 0.013470 0.373104 0.018286 0.036438
0 0.283063 0.279529 0.016183 0.033483
0 0.627595 0.790617 0.025336 0.061179
0 0.780995 0.098543 0.020431 0.043597
0 0.022099 0.816978 0.019968 0.028246
0 0.021314 0.110262 0.019099 0.037128
0 0.183510 0.882743 0.015299 0.031937
0 0.437232 0.864628 0.015159 0.029015
0 0.031695 0.288598 0.023226 0.038456
0 0.361662 0.733929 0.018522 0.053779
0 0.082627 0.865168 0.016033 0.034836
0 0.037081 0.848937 0.026303 0.038356
0 0.018948 0.070649 0.015792 0.041284
0 0.016794 0.796161 0.021214 0.031549
0 0.074833 0.340887 0.019493 0.037262
0 0.076113 0.825940 0.019076 0.031182
0 0.054243 0.049843 0.024256 0.048083
0 0.065872 0.104955 0.027353 0.040475