0 0.190755 0.409743 0.021366 0.045040
0 0.580567 0.534468 0.007943 0.016431
0 0.101465 0.020607 0.009697 0.020041
0 0.870300 0.833135 0.010733 0.024052
0 0.591114 0.318541 0.009444 0.019487
0 0.447405 0.619721 0.010158 0.020649
0 0.420085 0.222553 0.009953 0.018814
0 0.128018 0.446570 0.009351 0.019623
0 0.434329 0.808135 0.011628 0.029060
0 0.305205 0.735721 0.008480 0.017053
0 0.557068 0.411670 0.009929 0.019519
0 0.445193 0.361556 0.009265 0.020382
0 0.984331 0.546296 0.019654 0.044146
0 0.212513 0.378240 0.015428 0.034961
0 0.745698 0.504609 0.012038 0.022218
0 0.460990 0.756518 0.010870 0.023268
0 0.715287 0.248106 0.011907 0.021669
0 0.205115 0.277379 0.009954 0.020325
0 0.088928 0.270977 0.009603 0.018570
0 0.589347 0.683228 0.011618 0.024549
0 0.980137 0.711230 0.010817 0.025206
0 0.230819 0.606053 0.012924 0.019452
0 0.934569 0.756257 0.011808 0.025674
0 0.146726 0.940551 0.013826 0.028994
0 0.033296 0.140825 0.009528 0.020006
0 0.394500 0.538999 0.010093 0.019785
0 0.653964 0.955905 0.009984 0.019877
0 0.428246 0.690395 0.011037 0.020260
0 0.354477 0.506689 0.009829 0.019507
0 0.730248 0.213460 0.010961 0.023362
0 0.456224 0.474869 0.010398 0.021502
0 0.446825 0.674131 0.010479 0.026458
0 0.140401 0.663915 0.011111 0.022245
0 0.150313 0.583013 0.009834 0.018909
0 0.608184 0.120688 0.012753 0.027846
0 0.383158 0.630642 0.012203 0.025445
0 0.301993 0.857237 0.011839 0.025493
0 0.038259 0.882688 0.012410 0.024467
0 0.423724 0.608239 0.011289 0.020573
0 0.890132 0.655944 0.012541 0.026665
0 0.879498 0.788498 0.013239 0.028266
0 0.154423 0.333933 0.014867 0.030396
0 0.544293 0.539758 0.010645 0.031564
0 0.200550 0.711133 0.010771 0.020922
0 0.433093 0.562379 0.010647 0.021673
0 0.147220 0.425789 0.012437 0.024554
0 0.106951 0.292730 0.011859 0.026452
0 0.356989 0.553756 0.014251 0.020092
0 0.309210 0.527275 0.012462 0.024045
0 0.231299 0.479483 0.014210 0.027814
0 0.288889 0.738230 0.014447 0.027451
0 0.143884 0.893835 0.013472 0.028705
0 0.259697 0.105011 0.016074 0.031317
0 0.963565 0.610426 0.050568 0.103151
0 0.476253 0.320087 0.016239 0.032793
0 0.324643 0.358931 0.018204 0.036617
0 0.625442 0.748512 0.016795 0.035861