0 0.436451 0.705662 0.010485 0.023708
0 0.287688 0.164633 0.008555 0.018866
0 0.511526 0.540110 0.010280 0.019086
0 0.465115 0.382103 0.008353 0.020450
0 0.427598 0.510366 0.010654 0.020890
0 0.212801 0.291487 0.011829 0.027018
0 0.310082 0.870212 0.016518 0.034582
0 0.321490 0.392447 0.010709 0.022172
0 0.519778 0.477025 0.011457 0.019984
0 0.632596 0.872666 0.010955 0.023711
0 0.317143 0.322457 0.018008 0.037639
0 0.472408 0.714262 0.012388 0.022654
0 0.376830 0.137106 0.010164 0.020564
0 0.422845 0.259143 0.010667 0.020521
0 0.566865 0.301539 0.009658 0.021201
0 0.849668 0.121715 0.010714 0.022839
0 0.432707 0.086049 0.009642 0.017715
0 0.497569 0.492003 0.011271 0.019789
0 0.447405 0.184979 0.010659 0.020230
0 0.476589 0.675755 0.012826 0.020551
0 0.380408 0.097205 0.009988 0.019970
0 0.315212 0.087005 0.008304 0.017694
0 0.474379 0.927558 0.011458 0.022434
0 0.420179 0.337881 0.017810 0.035506
0 0.424503 0.667260 0.013437 0.022457
0 0.237431 0.118412 0.008108 0.018314
0 0.466414 0.473861 0.010908 0.021088
0 0.241868 0.525256 0.011053 0.024632
0 0.449756 0.263716 0.011207 0.021658
0 0.411819 0.771978 0.015557 0.024022
0 0.149562 0.488391 0.014706 0.035723
0 0.450294 0.456242 0.012335 0.023776
0 0.181977 0.707798 0.017966 0.044841
0 0.408977 0.106008 0.010879 0.021536
0 0.396467 0.256745 0.013608 0.023743
0 0.454743 0.505075 0.012689 0.023092
0 0.355366 0.536526 0.012784 0.022955
0 0.367847 0.896871 0.019441 0.041542
0 0.074560 0.911341 0.033243 0.065455
0 0.383078 0.402480 0.014338 0.029525
0 0.208188 0.505225 0.019460 0.040602