0 0.968480 0.427787 0.010618 0.022294
0 0.424212 0.350858 0.014426 0.036664
0 0.232334 0.961187 0.013973 0.027568
0 0.179941 0.312364 0.016553 0.033045
0 0.871635 0.748887 0.009096 0.020068
0 0.979946 0.103830 0.012377 0.024560
0 0.981002 0.264336 0.012365 0.024567
0 0.907018 0.062001 0.015618 0.031533
0 0.891934 0.473419 0.012152 0.027362
0 0.358558 0.432764 0.018148 0.038316
0 0.520185 0.225418 0.012746 0.027502
0 0.967211 0.219013 0.013538 0.026083
0 0.135616 0.398501 0.010848 0.023162
0 0.698783 0.081938 0.012455 0.023016
0 0.789327 0.431481 0.014065 0.027948
0 0.867742 0.979732 0.012534 0.023167
0 0.192902 0.728933 0.016422 0.032188
0 0.899420 0.711110 0.013255 0.026514
0 0.094897 0.525729 0.014417 0.028966
0 0.238456 0.758314 0.013611 0.028069
0 0.099626 0.433734 0.012538 0.029584
0 0.894517 0.293982 0.013702 0.025415
0 0.552490 0.918662 0.012700 0.026682
0 0.944404 0.852721 0.010234 0.022074
0 0.905314 0.023854 0.014672 0.030349
0 0.210817 0.093396 0.014605 0.031664
0 0.980121 0.162970 0.016771 0.032142
0 0.142022 0.800711 0.011971 0.024819
0 0.869461 0.604214 0.018637 0.042834
0 0.562806 0.115620 0.015711 0.035673
0 0.332262 0.850682 0.013908 0.025932
0 0.533975 0.845112 0.013244 0.026019
0 0.588837 0.543307 0.018670 0.037976
0 0.664557 0.869374 0.015816 0.030312
0 0.422773 0.497871 0.016852 0.029457
0 0.075068 0.133889 0.015865 0.033300
0 0.361169 0.927825 0.014982 0.028835
0 0.534556 0.901952 0.015949 0.033277
0 0.468065 0.837599 0.017557 0.032981
0 0.407529 0.677776 0.017520 0.034376
0 0.215608 0.797494 0.018464 0.037604
0 0.662783 0.225305 0.017631 0.037484
0 0.571875 0.505981 0.021645 0.042192
0 0.629647 0.157743 0.018022 0.038839
0 0.719027 0.227913 0.021954 0.043904
0 0.186292 0.679062 0.025212 0.050524
0 0.265155 0.705070 0.022525 0.046724