0 0.318518 0.343037 0.011205 0.020076
0 0.242542 0.857575 0.010272 0.019883
0 0.111836 0.518560 0.010435 0.019939
0 0.703975 0.136065 0.012443 0.025171
0 0.443251 0.915148 0.008338 0.018560
0 0.750010 0.817790 0.013415 0.025291
0 0.690992 0.819735 0.011018 0.021407
0 0.307792 0.783187 0.015959 0.029401
0 0.828818 0.985787 0.021991 0.025489
0 0.567388 0.841289 0.025719 0.027830
0 0.495594 0.198136 0.015544 0.044794
0 0.235419 0.662000 0.016090 0.033934
0 0.720318 0.588038 0.013613 0.025947
0 0.115749 0.568869 0.016484 0.028659
0 0.708622 0.743321 0.015226 0.026249
0 0.115815 0.831776 0.014755 0.025907
0 0.051401 0.712774 0.019560 0.038224
0 0.549171 0.131763 0.023068 0.045955
0 0.904804 0.606133 0.018115 0.029439