0 0.075280 0.117069 0.009805 0.018543
0 0.782540 0.214894 0.014282 0.029900
0 0.875545 0.419492 0.010686 0.024482
0 0.554272 0.334681 0.009829 0.021435
0 0.113017 0.537346 0.015449 0.032035
0 0.967148 0.311763 0.011250 0.025603
0 0.676405 0.225004 0.010602 0.025212
0 0.269633 0.116558 0.012451 0.025164
0 0.823059 0.090012 0.012282 0.026177
0 0.610200 0.442318 0.009661 0.020690
0 0.862927 0.702022 0.010503 0.026414
0 0.332640 0.145143 0.009078 0.018425
0 0.168845 0.484073 0.011360 0.025704
0 0.428682 0.273787 0.012592 0.027414
0 0.568512 0.347170 0.009927 0.020870
0 0.443625 0.670896 0.013460 0.025356
0 0.866329 0.305391 0.012143 0.024487
0 0.683766 0.397016 0.010129 0.021795
0 0.540462 0.443549 0.012542 0.024006
0 0.140601 0.456424 0.009880 0.022192
0 0.660705 0.422122 0.011947 0.027200
0 0.400319 0.825562 0.011337 0.022343
0 0.128642 0.400542 0.010274 0.021932
0 0.264625 0.549061 0.009982 0.022407
0 0.899674 0.062797 0.012957 0.031638
0 0.692549 0.468928 0.010119 0.020920
0 0.754700 0.350361 0.012502 0.028340
0 0.686688 0.520302 0.010195 0.022333
0 0.737347 0.604107 0.009689 0.020756
0 0.913984 0.538190 0.014352 0.028593
0 0.635247 0.743635 0.012369 0.028178
0 0.321996 0.065957 0.013267 0.026556
0 0.697102 0.322387 0.014180 0.032658
0 0.788947 0.377147 0.012960 0.027088
0 0.885814 0.506476 0.015915 0.031938
0 0.827012 0.251810 0.013728 0.027681
0 0.570481 0.287716 0.011139 0.026196
0 0.544536 0.178133 0.011027 0.026014
0 0.505126 0.287385 0.013007 0.030347
0 0.666183 0.489058 0.015352 0.030960
0 0.087212 0.703397 0.017874 0.035394
0 0.414028 0.215897 0.014640 0.028553
0 0.187963 0.575561 0.016223 0.031472
0 0.043221 0.896718 0.019715 0.038161