0 0.580117 0.726789 0.016475 0.021867
0 0.516491 0.339283 0.008879 0.018138
0 0.062272 0.265335 0.012281 0.023147
0 0.640355 0.254287 0.009620 0.018704
0 0.575961 0.450641 0.009893 0.014172
0 0.995412 0.709475 0.008096 0.027492
0 0.494844 0.253813 0.011103 0.020744
0 0.395005 0.854543 0.013727 0.030440
0 0.369390 0.759902 0.011167 0.019586
0 0.500678 0.630333 0.009573 0.018657
0 0.108803 0.663349 0.010075 0.017542
0 0.378040 0.444545 0.009186 0.016115
0 0.113881 0.086335 0.010251 0.017473
0 0.253807 0.131155 0.008962 0.014225
0 0.689139 0.748211 0.008851 0.016058
0 0.080065 0.410560 0.008724 0.015846
0 0.321997 0.755390 0.011377 0.018268
0 0.547218 0.512033 0.010930 0.014029
0 0.157162 0.762206 0.009838 0.017714
0 0.452797 0.482374 0.008238 0.016741
0 0.079799 0.820342 0.010223 0.018424
0 0.425950 0.474956 0.011920 0.022908
0 0.244301 0.297072 0.009523 0.016615
0 0.913910 0.276862 0.011302 0.018972
0 0.251751 0.621690 0.010136 0.020003
0 0.102982 0.498694 0.009470 0.019237
0 0.201405 0.771152 0.010045 0.019453
0 0.299545 0.394594 0.012011 0.021545
0 0.794361 0.273629 0.009472 0.017977
0 0.450236 0.686143 0.013273 0.016796
0 0.272047 0.722775 0.015389 0.026508
0 0.525969 0.052819 0.010407 0.021918
0 0.325435 0.206090 0.008927 0.017979
0 0.439536 0.718340 0.011272 0.020593
0 0.037590 0.731302 0.017474 0.032757
0 0.518342 0.525261 0.010493 0.013854
0 0.235936 0.177552 0.009986 0.016446
0 0.048002 0.480661 0.010064 0.017284
0 0.410452 0.384276 0.008844 0.015015
0 0.743907 0.542169 0.009824 0.023940
0 0.354381 0.339123 0.010573 0.018111
0 0.316491 0.021244 0.009499 0.017671
0 0.348421 0.740422 0.011312 0.019316
0 0.819851 0.673625 0.014994 0.023410
0 0.326136 0.709405 0.011655 0.016884
0 0.673697 0.544842 0.009931 0.018349
0 0.694163 0.671274 0.011408 0.020900
0 0.308958 0.925634 0.012821 0.025074
0 0.304705 0.344795 0.016276 0.031428
0 0.057775 0.654569 0.009835 0.019023
0 0.011017 0.796570 0.012955 0.023053
0 0.560192 0.693460 0.011532 0.022049
0 0.131839 0.683823 0.010780 0.019506
0 0.571539 0.339085 0.010441 0.018567
0 0.116438 0.583482 0.009945 0.017169
0 0.961456 0.118580 0.012968 0.020453
0 0.302317 0.541607 0.013218 0.025434
0 0.481472 0.136243 0.010558 0.021922
0 0.433441 0.527975 0.010723 0.017748
0 0.940491 0.125547 0.011700 0.021517
0 0.030953 0.354389 0.013467 0.023817
0 0.033340 0.256434 0.012245 0.023065
0 0.032230 0.058519 0.012128 0.020316
0 0.399171 0.539910 0.011774 0.017446
0 0.616287 0.453739 0.013720 0.024325
0 0.068325 0.234189 0.015390 0.026785
0 0.463033 0.267572 0.010839 0.019236
0 0.027067 0.916824 0.013544 0.020652
0 0.540353 0.757365 0.017089 0.030829
0 0.575228 0.839178 0.017416 0.029493
0 0.146324 0.186743 0.013305 0.024260
0 0.589440 0.179538 0.012880 0.021255
0 0.367320 0.580946 0.012612 0.023049
0 0.773598 0.662724 0.013331 0.023775
0 0.429087 0.073147 0.012891 0.024281
0 0.626518 0.202433 0.013114 0.024012
0 0.334652 0.466104 0.013895 0.021594
0 0.137674 0.746532 0.016090 0.029868
0 0.186829 0.848397 0.018425 0.034581
0 0.312218 0.431042 0.012173 0.023196
0 0.673192 0.455722 0.016933 0.027521