0 0.312548 0.402833 0.006859 0.013851
0 0.767622 0.697226 0.005974 0.011975
0 0.323924 0.338361 0.006985 0.011512
0 0.294906 0.394790 0.008284 0.017118
0 0.390856 0.073974 0.007122 0.013916
0 0.322748 0.100312 0.007111 0.015553
0 0.358456 0.387477 0.007370 0.016614
0 0.627523 0.986905 0.018512 0.023693
0 0.322491 0.141886 0.007452 0.014781
0 0.589127 0.487689 0.008622 0.017374
0 0.288246 0.289246 0.008042 0.014474
0 0.964367 0.874144 0.012562 0.027328
0 0.180313 0.227262 0.007511 0.015004
0 0.869171 0.744690 0.007602 0.014551
0 0.618037 0.488260 0.012030 0.027884
0 0.675845 0.430032 0.011828 0.023787
0 0.543624 0.109743 0.012223 0.024899
0 0.391458 0.856093 0.010121 0.018953
0 0.745509 0.496720 0.007555 0.013696
0 0.225174 0.729065 0.009499 0.019816
0 0.077013 0.635930 0.008475 0.015551
0 0.771342 0.440700 0.008998 0.016849