0 0.304466 0.299517 0.016029 0.040737
0 0.656416 0.010624 0.018128 0.021248
0 0.563848 0.131357 0.012440 0.026808
0 0.198931 0.317349 0.015890 0.036371
0 0.430994 0.352302 0.017824 0.038312
0 0.222458 0.899332 0.017334 0.036728
0 0.186047 0.514271 0.024120 0.046026
0 0.011128 0.966242 0.017570 0.036640
0 0.606824 0.468391 0.016012 0.039576
0 0.913857 0.822986 0.014267 0.030827
0 0.041133 0.977500 0.019252 0.038452
0 0.389628 0.650778 0.020930 0.045174
0 0.483891 0.062600 0.019041 0.041487
0 0.047021 0.718391 0.015111 0.031546
0 0.813883 0.917544 0.021881 0.047882
0 0.100303 0.630978 0.016374 0.033977
0 0.452282 0.506877 0.016156 0.035618
0 0.795287 0.430613 0.022124 0.052395
0 0.316797 0.757701 0.029081 0.070413
0 0.469133 0.027690 0.018526 0.038428
0 0.224853 0.460770 0.097084 0.202398
0 0.089512 0.482333 0.020715 0.043272
0 0.611179 0.668479 0.017534 0.038122
0 0.705552 0.041325 0.017236 0.042576
0 0.601773 0.074578 0.019664 0.041379
0 0.418006 0.028581 0.020952 0.045068
0 0.228787 0.612181 0.033944 0.067784
0 0.611429 0.562882 0.016047 0.034371
0 0.110112 0.811037 0.035762 0.071066
0 0.957028 0.686304 0.064592 0.138878
0 0.033792 0.360025 0.024278 0.048816
0 0.352106 0.759839 0.022591 0.050843
0 0.216228 0.944053 0.029124 0.058388
0 0.180264 0.767730 0.053497 0.105931
0 0.851771 0.889588 0.030887 0.061757
0 0.724129 0.689353 0.022561 0.048168
0 0.793022 0.764679 0.026756 0.054176
0 0.704544 0.371551 0.024819 0.055472