0 0.112385 0.620955 0.011253 0.015412
0 0.832993 0.772623 0.009365 0.015197
0 0.430047 0.866756 0.009279 0.015564
0 0.637259 0.719715 0.011218 0.017921
0 0.571881 0.725082 0.009681 0.016603
0 0.030018 0.257712 0.011507 0.022900
0 0.313148 0.866616 0.010872 0.017500
0 0.160077 0.921695 0.012922 0.021827
0 0.897522 0.962536 0.011068 0.013680
0 0.614832 0.797225 0.009846 0.015175
0 0.913227 0.910654 0.010337 0.014411
0 0.851719 0.752006 0.008968 0.016175
0 0.244324 0.560626 0.009911 0.016384
0 0.421218 0.841908 0.010168 0.015563
0 0.491106 0.925406 0.009085 0.016492
0 0.702274 0.575695 0.009966 0.017304
0 0.850355 0.142443 0.011344 0.018396
0 0.800311 0.945286 0.010711 0.017664
0 0.354383 0.110675 0.012554 0.019580
0 0.179711 0.792495 0.013054 0.018417
0 0.317573 0.805458 0.013078 0.024505
0 0.364755 0.827128 0.010653 0.014967
0 0.541625 0.799692 0.010818 0.017809
0 0.318095 0.528300 0.011625 0.017471
0 0.207722 0.735831 0.012015 0.016026
0 0.581891 0.672585 0.010946 0.018749
0 0.006854 0.170518 0.013709 0.027077
0 0.112850 0.537286 0.010281 0.017373
0 0.285519 0.721992 0.011259 0.016350
0 0.647370 0.843629 0.009847 0.018736
0 0.971876 0.934637 0.010250 0.018594
0 0.533443 0.782325 0.011292 0.018351
0 0.066145 0.395042 0.010885 0.018064
0 0.650408 0.674118 0.011610 0.018666
0 0.935234 0.885170 0.011743 0.015858
0 0.690707 0.318018 0.011626 0.018391
0 0.278754 0.551303 0.012109 0.017292
0 0.902151 0.608779 0.013487 0.022521
0 0.763312 0.722516 0.012920 0.019952
0 0.139299 0.515937 0.015029 0.023255
0 0.699945 0.126677 0.014499 0.025366
0 0.647689 0.556410 0.016728 0.027822
0 0.981526 0.855559 0.010521 0.019167
0 0.457590 0.912321 0.012277 0.019353
0 0.792568 0.319387 0.013502 0.019241
0 0.752730 0.046539 0.014591 0.021970
0 0.755058 0.391335 0.012631 0.019842
0 0.854751 0.696558 0.011258 0.019235
0 0.563871 0.900989 0.014898 0.020506
0 0.483847 0.854995 0.011704 0.017136
0 0.371929 0.666498 0.011904 0.018189
0 0.498110 0.267824 0.014460 0.023242
0 0.294235 0.684460 0.011849 0.017698
0 0.341733 0.420270 0.012512 0.021836
0 0.305926 0.549156 0.012582 0.018754
0 0.676898 0.371288 0.014448 0.020587
0 0.803431 0.638797 0.013290 0.023459
0 0.466732 0.077535 0.016689 0.023831
0 0.701255 0.454398 0.013438 0.020611
0 0.713925 0.634622 0.017982 0.022352
0 0.348388 0.689987 0.013038 0.018583
0 0.736681 0.526779 0.015192 0.024588
0 0.505700 0.418389 0.015098 0.027689