0 0.831802 0.632359 0.012608 0.027001
0 0.353035 0.205352 0.019036 0.043267
0 0.314750 0.168922 0.016167 0.039875
0 0.848706 0.707820 0.014403 0.031711
0 0.626093 0.416145 0.017872 0.037230
0 0.226933 0.044311 0.014851 0.031028
0 0.106932 0.174779 0.017129 0.037676
0 0.114373 0.084594 0.019175 0.037486
0 0.815378 0.582627 0.019077 0.047662
0 0.918651 0.660325 0.014080 0.030830
0 0.972364 0.336200 0.017643 0.037205
0 0.764986 0.102804 0.009305 0.024459
0 0.383426 0.241283 0.013563 0.027809
0 0.431876 0.547094 0.011893 0.024837