0 0.303824 0.757732 0.010701 0.028246
0 0.044753 0.189036 0.009812 0.018564
0 0.785063 0.754022 0.013773 0.021330
0 0.924438 0.742672 0.011382 0.021240
0 0.844263 0.521586 0.011066 0.023062
0 0.311319 0.057204 0.009421 0.019524
0 0.375442 0.482561 0.008106 0.016094
0 0.809692 0.511694 0.010311 0.019587
0 0.377644 0.461593 0.008865 0.017331
0 0.033453 0.319897 0.010489 0.020524
0 0.563208 0.422718 0.013253 0.020616
0 0.407214 0.278864 0.016487 0.016171
0 0.716466 0.769199 0.020695 0.019365
0 0.470604 0.646053 0.023239 0.026630
0 0.356166 0.695869 0.009243 0.019148
0 0.419837 0.444517 0.019975 0.017383
0 0.490152 0.665168 0.024945 0.018491
0 0.562465 0.534481 0.010017 0.019392
0 0.945991 0.361931 0.012277 0.025716
0 0.122968 0.671726 0.012767 0.024587
0 0.248347 0.478020 0.012504 0.025359
0 0.411901 0.515157 0.011754 0.021757
0 0.474952 0.483639 0.012508 0.023972
0 0.845360 0.474091 0.016430 0.034264
0 0.633809 0.435841 0.020692 0.027635
0 0.655467 0.699694 0.031828 0.024869
0 0.751491 0.133086 0.024802 0.050708
0 0.467495 0.252458 0.030237 0.025665