0 0.171580 0.547796 0.011515 0.021654
0 0.830906 0.381745 0.014159 0.025198
0 0.853167 0.369534 0.010630 0.020427
0 0.327599 0.551696 0.014710 0.025934
0 0.652605 0.117682 0.009974 0.028065
0 0.489662 0.906321 0.022923 0.020333
0 0.904324 0.590102 0.013358 0.027410
0 0.828972 0.234550 0.011620 0.017852
0 0.954717 0.578138 0.020037 0.020863
0 0.914337 0.255022 0.013143 0.020451
0 0.651264 0.646468 0.010316 0.021037
0 0.517555 0.966199 0.017712 0.021104
0 0.801160 0.878163 0.012773 0.022518
0 0.742309 0.683858 0.016244 0.030141
0 0.591548 0.863022 0.014792 0.029876
0 0.727122 0.763462 0.013337 0.026334
0 0.642664 0.833275 0.016248 0.029225
0 0.660453 0.120146 0.025392 0.034533
0 0.876920 0.963114 0.012981 0.028097
0 0.440955 0.701803 0.020574 0.019982
0 0.699598 0.459828 0.015112 0.020857
0 0.600755 0.490228 0.016398 0.022284
0 0.602925 0.599120 0.011277 0.023275
0 0.784603 0.728396 0.013841 0.029014
0 0.954483 0.637551 0.015272 0.023397
0 0.877983 0.810995 0.017045 0.022161
0 0.891782 0.079895 0.014890 0.025216
0 0.566659 0.797852 0.027493 0.037300
0 0.505471 0.658898 0.014606 0.020392