0 0.908782 0.051622 0.025063 0.024894
0 0.716398 0.019835 0.013891 0.022883
0 0.932208 0.116487 0.011598 0.019100
0 0.921495 0.154284 0.012758 0.019310
0 0.931333 0.499921 0.009620 0.020532
0 0.511842 0.069761 0.014618 0.021909
0 0.723575 0.906757 0.008843 0.018149
0 0.995739 0.117781 0.007977 0.026495
0 0.429205 0.051350 0.014017 0.018502
0 0.761064 0.668757 0.011207 0.019160
0 0.912751 0.006793 0.012020 0.013545
0 0.857502 0.007502 0.010729 0.014941
0 0.041507 0.160293 0.011150 0.019544
0 0.333026 0.350308 0.011161 0.025063
0 0.913421 0.783912 0.009685 0.018404
0 0.958931 0.209912 0.011804 0.018666
0 0.790869 0.129005 0.016217 0.027362
0 0.949544 0.580720 0.009665 0.019708
0 0.939089 0.527681 0.012466 0.023999
0 0.300394 0.573416 0.011896 0.021577
0 0.239204 0.914961 0.010852 0.018953
0 0.954716 0.509838 0.010289 0.019876
0 0.912662 0.074040 0.013275 0.027581
0 0.699944 0.513046 0.009474 0.020289
0 0.276002 0.713385 0.012686 0.023234
0 0.990090 0.228593 0.013153 0.021573
0 0.342893 0.044820 0.016676 0.017496
0 0.799700 0.945860 0.010903 0.020417
0 0.745236 0.238472 0.012060 0.019257
0 0.241531 0.729482 0.010535 0.018762
0 0.327735 0.419268 0.013615 0.018872
0 0.863022 0.313419 0.016274 0.027595
0 0.600603 0.914438 0.011902 0.020252
0 0.821432 0.007609 0.016720 0.015016
0 0.792929 0.025985 0.014509 0.026074
0 0.355489 0.911258 0.011791 0.025370
0 0.984955 0.731634 0.009750 0.021418
0 0.040500 0.379857 0.011589 0.020698
0 0.071891 0.198393 0.016713 0.027194
0 0.175151 0.479185 0.011306 0.019624
0 0.583016 0.220762 0.013799 0.024886
0 0.538217 0.226414 0.014408 0.023530
0 0.793451 0.932291 0.009495 0.021164
0 0.521213 0.276310 0.013384 0.019585
0 0.827231 0.797514 0.011635 0.017886
0 0.968840 0.334226 0.011166 0.026327
0 0.442691 0.203603 0.012677 0.019472
0 0.384867 0.938859 0.011305 0.021814
0 0.340403 0.587430 0.013505 0.024092
0 0.409181 0.697602 0.009737 0.023950
0 0.650162 0.709628 0.011475 0.024601
0 0.418117 0.546412 0.011798 0.022273
0 0.344407 0.062801 0.021336 0.020008
0 0.049147 0.220445 0.010155 0.023021
0 0.894123 0.552542 0.012878 0.022968
0 0.831645 0.081488 0.016803 0.022652
0 0.737406 0.792582 0.010411 0.021083
0 0.677374 0.664130 0.011263 0.022234
0 0.978758 0.139754 0.020538 0.033453
0 0.453989 0.663349 0.014634 0.023277
0 0.711897 0.893690 0.013867 0.028042
0 0.313472 0.941893 0.016349 0.023361