0 0.522048 0.257293 0.013192 0.021693
0 0.452739 0.517422 0.011940 0.017142
0 0.402645 0.490945 0.008257 0.016322
0 0.415957 0.785523 0.009324 0.015605
0 0.536294 0.705419 0.009340 0.019235
0 0.504174 0.556419 0.013658 0.030179
0 0.963221 0.396272 0.010516 0.021460
0 0.551417 0.256213 0.008561 0.014452
0 0.423029 0.705775 0.008038 0.018682
0 0.715980 0.377089 0.008659 0.020138
0 0.340098 0.614746 0.009901 0.020607
0 0.264840 0.820687 0.008878 0.015871
0 0.023692 0.292167 0.011893 0.018297
0 0.930203 0.351224 0.009013 0.021772
0 0.279875 0.911836 0.013459 0.029926
0 0.382241 0.774641 0.010024 0.020378
0 0.578354 0.357656 0.008242 0.018042
0 0.287153 0.877263 0.010806 0.022805
0 0.612939 0.477086 0.008433 0.017434
0 0.686278 0.236546 0.013717 0.026958
0 0.573771 0.649813 0.009996 0.025149
0 0.552443 0.551706 0.008478 0.016150
0 0.569651 0.880906 0.008414 0.018478
0 0.306089 0.791544 0.010873 0.021377
0 0.906505 0.601419 0.006756 0.018998
0 0.610691 0.961427 0.009676 0.026522
0 0.457692 0.387815 0.008835 0.020508
0 0.914748 0.332466 0.011695 0.020919
0 0.121160 0.672282 0.019040 0.030437
0 0.331539 0.409786 0.010909 0.020938
0 0.667091 0.441929 0.010302 0.021373
0 0.487396 0.493007 0.009719 0.017484
0 0.590203 0.399557 0.022569 0.043678
0 0.221625 0.947891 0.031208 0.037227
0 0.389818 0.696072 0.009285 0.018559
0 0.401773 0.201668 0.011187 0.019524
0 0.463831 0.963850 0.015260 0.034179
0 0.184060 0.613188 0.012759 0.021924
0 0.633346 0.578924 0.009569 0.022388
0 0.603359 0.679932 0.013273 0.024130
0 0.489218 0.642601 0.009724 0.025440
0 0.561836 0.708789 0.014281 0.025981
0 0.237704 0.897832 0.035535 0.041919
0 0.721151 0.650584 0.012910 0.027669
0 0.407644 0.968612 0.023605 0.038537
0 0.226253 0.529843 0.017384 0.034543