0 0.926997 0.199233 0.009158 0.020345
0 0.575714 0.480544 0.009295 0.019880
0 0.612064 0.274771 0.009025 0.018247
0 0.576933 0.585816 0.008310 0.017358
0 0.570045 0.663739 0.009365 0.016730
0 0.204292 0.238085 0.009011 0.020496
0 0.918467 0.104902 0.010069 0.020556
0 0.631807 0.713985 0.009542 0.018679
0 0.526882 0.703791 0.008158 0.018373
0 0.580389 0.286748 0.009867 0.017385
0 0.714942 0.319324 0.008812 0.018569
0 0.960700 0.279516 0.009576 0.022424
0 0.687761 0.144000 0.008056 0.019420
0 0.954075 0.327310 0.009156 0.021501
0 0.839207 0.192903 0.009795 0.019538
0 0.945635 0.019981 0.009297 0.022201
0 0.057947 0.967670 0.036778 0.064307
0 0.594275 0.454817 0.009898 0.019363
0 0.562205 0.503490 0.009881 0.019192
0 0.984673 0.172427 0.009456 0.019946
0 0.590367 0.371433 0.009468 0.017822
0 0.679670 0.587970 0.010284 0.020707
0 0.613029 0.723313 0.009032 0.017444
0 0.842163 0.325587 0.009571 0.020204
0 0.635351 0.487753 0.009239 0.018977
0 0.678642 0.511474 0.010710 0.019767
0 0.866284 0.125615 0.009496 0.020366
0 0.907895 0.055460 0.010136 0.021494
0 0.401108 0.506260 0.010210 0.022605
0 0.483256 0.614317 0.012278 0.024876