0 0.251736 0.318150 0.014305 0.031481
0 0.445909 0.230274 0.015176 0.030128
0 0.192734 0.540698 0.013764 0.029218
0 0.949694 0.957412 0.013968 0.028120
0 0.883813 0.384654 0.011584 0.022396
0 0.490012 0.278112 0.014002 0.029299
0 0.938341 0.586750 0.011041 0.020491
0 0.230706 0.093347 0.016861 0.033503
0 0.283459 0.697632 0.013819 0.025817
0 0.912780 0.846821 0.014779 0.029094
0 0.956803 0.559802 0.010194 0.021469
0 0.195899 0.774908 0.014065 0.028284
0 0.859315 0.539420 0.013579 0.027577
0 0.216782 0.848510 0.012969 0.030110
0 0.891341 0.981442 0.017148 0.033386
0 0.162011 0.548794 0.010394 0.020821
0 0.311169 0.662150 0.012025 0.025149
0 0.745229 0.454004 0.013870 0.028742
0 0.925399 0.557606 0.010974 0.021529
0 0.648970 0.461267 0.011755 0.022902
0 0.454206 0.567758 0.012699 0.026655
0 0.160807 0.224895 0.019081 0.037769
0 0.258350 0.051803 0.020511 0.046161
0 0.474334 0.591781 0.012712 0.024348
0 0.370672 0.359074 0.017146 0.032682
0 0.962685 0.178612 0.019006 0.035994
0 0.517683 0.180228 0.019672 0.040641
0 0.416720 0.388059 0.018414 0.036594