0 0.232765 0.276615 0.015715 0.038946
0 0.966560 0.243565 0.017370 0.039500
0 0.514569 0.073228 0.019367 0.052722
0 0.377756 0.017050 0.020350 0.034100
0 0.477690 0.400332 0.015601 0.045288
0 0.464410 0.164542 0.013842 0.028144
0 0.521401 0.933761 0.012783 0.035778
0 0.253039 0.511512 0.011267 0.026351
0 0.062395 0.923938 0.013655 0.032146
0 0.147741 0.295819 0.010221 0.030672
0 0.714436 0.745681 0.016967 0.043132
0 0.036009 0.977530 0.014029 0.037895
0 0.189851 0.059012 0.013543 0.025676
0 0.537677 0.473153 0.012469 0.031892
0 0.251431 0.442287 0.014723 0.038135
0 0.068776 0.090677 0.011325 0.024387
0 0.720501 0.346649 0.014247 0.032342
0 0.184510 0.166145 0.015175 0.035287
0 0.708340 0.496850 0.025006 0.057027
0 0.135903 0.010109 0.012994 0.020128
0 0.461887 0.944344 0.015120 0.032512
0 0.400612 0.644711 0.014319 0.042882
0 0.664502 0.448396 0.017613 0.041325
0 0.441473 0.963734 0.013308 0.026836
0 0.458785 0.656573 0.013175 0.029839
0 0.479551 0.704592 0.014634 0.037317
0 0.485706 0.876767 0.014282 0.031304
0 0.876402 0.241014 0.019197 0.045324
0 0.786234 0.479917 0.035376 0.073553
0 0.292984 0.952958 0.021542 0.041366
0 0.632514 0.982003 0.024386 0.031864
0 0.657228 0.787025 0.022818 0.040376
0 0.244390 0.174060 0.012045 0.028254
0 0.154294 0.172730 0.010855 0.025656
0 0.799476 0.808671 0.020893 0.040872
0 0.839692 0.354903 0.026004 0.050004
0 0.313817 0.690469 0.016506 0.031518
0 0.216623 0.760666 0.018921 0.034312
0 0.882343 0.626902 0.023149 0.053442