0 0.918562 0.121157 0.014452 0.027022
0 0.391600 0.440740 0.018534 0.041342
0 0.683232 0.200869 0.014322 0.024982
0 0.984039 0.817661 0.020788 0.040862
0 0.241543 0.710650 0.009976 0.020727
0 0.177804 0.750422 0.008463 0.013350
0 0.727024 0.031191 0.010080 0.019891
0 0.734073 0.307370 0.010584 0.022538
0 0.091544 0.877434 0.012646 0.023645
0 0.133698 0.034971 0.008786 0.013492
0 0.479125 0.539583 0.016278 0.036144
0 0.107306 0.025185 0.008541 0.016049
0 0.074048 0.173599 0.007699 0.012528
0 0.197867 0.383635 0.008152 0.013622
0 0.964855 0.964767 0.006919 0.015205
0 0.007842 0.315196 0.015145 0.028865
0 0.152068 0.231737 0.007011 0.013161
0 0.082606 0.105558 0.011621 0.014793
0 0.021106 0.444156 0.010553 0.019296
0 0.127069 0.091841 0.008638 0.016874
0 0.516658 0.619499 0.008830 0.021873
0 0.772829 0.759241 0.008536 0.015699
0 0.125027 0.877466 0.010096 0.019681
0 0.072864 0.762209 0.009915 0.016937
0 0.061276 0.473667 0.007991 0.013801
0 0.886576 0.163871 0.012484 0.029077
0 0.385425 0.361469 0.007112 0.017339
0 0.954194 0.596404 0.008033 0.015160
0 0.208834 0.558728 0.007994 0.014150
0 0.215993 0.765530 0.007494 0.016505
0 0.082809 0.680699 0.008019 0.015372
0 0.178010 0.993166 0.008609 0.012435
0 0.179969 0.722855 0.009516 0.021343
0 0.083004 0.627475 0.007733 0.014308
0 0.304834 0.795116 0.009531 0.018979
0 0.197233 0.611077 0.008459 0.015640
0 0.160434 0.211313 0.007495 0.014730
0 0.206865 0.065211 0.009054 0.019644
0 0.189132 0.714893 0.012225 0.019090
0 0.158282 0.268377 0.011640 0.015739
0 0.634934 0.914579 0.007794 0.017056
0 0.869426 0.576116 0.007526 0.022333
0 0.722893 0.196936 0.008494 0.019910
0 0.122551 0.186985 0.009012 0.017788
0 0.079260 0.431764 0.012086 0.024474
0 0.163610 0.370962 0.007967 0.013431
0 0.285527 0.449806 0.013597 0.028036
0 0.368231 0.777340 0.043724 0.075544
0 0.285314 0.933906 0.014343 0.027709
0 0.046073 0.934027 0.008829 0.016556
0 0.524361 0.721511 0.008893 0.019471
0 0.155574 0.532994 0.022069 0.038599
0 0.175639 0.215794 0.008325 0.015905
0 0.139226 0.313075 0.008759 0.014771
0 0.199878 0.691589 0.008577 0.014981
0 0.129595 0.202290 0.012007 0.020615
0 0.460192 0.536681 0.022080 0.043819
0 0.109741 0.868879 0.008051 0.014857
0 0.165123 0.561577 0.009604 0.014697
0 0.137513 0.477872 0.008173 0.014678
0 0.208490 0.745637 0.009411 0.019958
0 0.096421 0.661634 0.009385 0.014555
0 0.182840 0.429714 0.012483 0.032369
0 0.154062 0.945667 0.011021 0.022088
0 0.161434 0.713481 0.009311 0.019071
0 0.100443 0.967016 0.010791 0.018345
0 0.108750 0.754333 0.011372 0.019062
0 0.119051 0.620412 0.011050 0.016960