0 0.876482 0.477736 0.009435 0.019998
0 0.448106 0.951845 0.010928 0.023959
0 0.373763 0.346598 0.009528 0.020369
0 0.183651 0.714708 0.010870 0.022596
0 0.797716 0.519572 0.009375 0.018833
0 0.336986 0.283519 0.013049 0.026661
0 0.509879 0.671795 0.009183 0.019286
0 0.442178 0.076614 0.009874 0.019945
0 0.918091 0.306796 0.014412 0.021824
0 0.975332 0.210448 0.009197 0.018422
0 0.208162 0.289631 0.009556 0.019287
0 0.231040 0.096828 0.008603 0.017214
0 0.601268 0.061912 0.008758 0.018062
0 0.341351 0.092732 0.008155 0.018051
0 0.900507 0.097629 0.009501 0.017621
0 0.350240 0.190048 0.009172 0.018234
0 0.306049 0.247337 0.008932 0.017460
0 0.348104 0.151506 0.011813 0.025385
0 0.505151 0.274688 0.009228 0.018283
0 0.417761 0.072157 0.011308 0.021468
0 0.090988 0.234547 0.009250 0.017672
0 0.715200 0.067207 0.009268 0.018977
0 0.181039 0.216221 0.010944 0.018425
0 0.164901 0.256880 0.008088 0.017005
0 0.579824 0.606423 0.009951 0.020985
0 0.225896 0.054603 0.008734 0.018426
0 0.720921 0.539390 0.010315 0.022492
0 0.478959 0.789753 0.012012 0.026501
0 0.440846 0.237665 0.010215 0.018526
0 0.309197 0.144177 0.008313 0.017213
0 0.304503 0.290326 0.008927 0.018546
0 0.530428 0.015744 0.010242 0.019635
0 0.637413 0.112272 0.009195 0.019647
0 0.308565 0.211725 0.010344 0.018168
0 0.733835 0.218900 0.011613 0.020854
0 0.538284 0.888858 0.012817 0.025539
0 0.314090 0.162974 0.008912 0.016961
0 0.754447 0.055721 0.012571 0.024282
0 0.564861 0.180613 0.011932 0.021056
0 0.303501 0.421501 0.008300 0.017644
0 0.343956 0.366137 0.010537 0.020031
0 0.386427 0.319726 0.010914 0.020858