0 0.718177 0.157999 0.013228 0.028703
0 0.785554 0.363576 0.014145 0.027763
0 0.070426 0.936113 0.014158 0.029353
0 0.026849 0.783448 0.014103 0.027965
0 0.399136 0.363135 0.010757 0.020258
0 0.614613 0.467732 0.015336 0.032440
0 0.074566 0.780061 0.016158 0.029930
0 0.665978 0.217595 0.013400 0.028285
0 0.581303 0.906581 0.018469 0.036447
0 0.495116 0.209618 0.013768 0.025927
0 0.496683 0.572942 0.027392 0.063538
0 0.180247 0.674185 0.016829 0.027104
0 0.764279 0.353596 0.019594 0.039206
0 0.641415 0.250139 0.012208 0.023051
0 0.361346 0.485657 0.020213 0.041256
0 0.362004 0.595379 0.020914 0.029121
0 0.398056 0.554096 0.019696 0.038880
0 0.398945 0.664069 0.020811 0.033813
0 0.452724 0.394104 0.013817 0.029888
0 0.442669 0.329367 0.014893 0.032369