0 0.730715 0.614260 0.009296 0.018490
0 0.996124 0.115085 0.007752 0.019637
0 0.720085 0.707814 0.009558 0.018735
0 0.535331 0.825202 0.009332 0.017740
0 0.602780 0.735709 0.010405 0.021257
0 0.899707 0.252300 0.008637 0.020028
0 0.675278 0.043131 0.010856 0.020609
0 0.769926 0.872901 0.010320 0.018736
0 0.745767 0.167054 0.008223 0.017319
0 0.855297 0.130849 0.008957 0.018684
0 0.968687 0.156423 0.010308 0.020457
0 0.575089 0.196664 0.009468 0.017481
0 0.394971 0.740229 0.010184 0.019484
0 0.818544 0.644743 0.009499 0.019852
0 0.328813 0.592951 0.021156 0.039875
0 0.463698 0.724459 0.011800 0.021766
0 0.441218 0.918090 0.011651 0.020694
0 0.923242 0.438528 0.009772 0.019583
0 0.873951 0.564582 0.009716 0.020270
0 0.761225 0.630395 0.009629 0.019859
0 0.616976 0.697209 0.012179 0.020923