0 0.899373 0.146305 0.018068 0.035289
0 0.138241 0.262541 0.013964 0.028156
0 0.331151 0.964760 0.018718 0.023951
0 0.210236 0.116613 0.013264 0.036653
0 0.203493 0.114793 0.025313 0.047098
0 0.782908 0.539120 0.012942 0.025622
0 0.724584 0.255120 0.015268 0.031504
0 0.017394 0.020739 0.015843 0.032773
0 0.616742 0.645483 0.014256 0.028241
0 0.833701 0.265402 0.016204 0.024641
0 0.092124 0.209288 0.014550 0.029971
0 0.829948 0.699986 0.010156 0.021448
0 0.326818 0.955624 0.014261 0.034929
0 0.713017 0.621654 0.015626 0.031767
0 0.727781 0.759041 0.010223 0.020140
0 0.741007 0.020133 0.017452 0.033721
0 0.269401 0.890327 0.026933 0.029734
0 0.767248 0.107791 0.019801 0.044504
0 0.585937 0.381905 0.021460 0.041331
0 0.579578 0.297539 0.013135 0.028818
0 0.449686 0.789681 0.021156 0.031072