0 0.404534 0.707282 0.012225 0.023143
0 0.755091 0.489033 0.012524 0.024004
0 0.654277 0.769210 0.015242 0.029726
0 0.808535 0.146294 0.017816 0.034947
0 0.617085 0.227766 0.029332 0.059417
0 0.765721 0.474323 0.013852 0.024894
0 0.922272 0.924422 0.013987 0.034545
0 0.060919 0.748947 0.016250 0.028256
0 0.213168 0.856469 0.013517 0.023252
0 0.040994 0.547503 0.016093 0.035175
0 0.042411 0.805069 0.022059 0.042604
0 0.039573 0.127581 0.014094 0.026316
0 0.668181 0.507309 0.013221 0.024262
0 0.514801 0.409411 0.012444 0.027120
0 0.955112 0.287493 0.017624 0.030929
0 0.700475 0.478294 0.017099 0.035381
0 0.027096 0.495110 0.019698 0.037404
0 0.086547 0.267535 0.017317 0.032634
0 0.546783 0.562668 0.018643 0.036609
0 0.886011 0.548797 0.025329 0.046888
0 0.801290 0.474885 0.018219 0.037526
0 0.556475 0.615653 0.022820 0.041608
0 0.165323 0.296562 0.038535 0.071393
0 0.701215 0.350050 0.023461 0.047944
0 0.432619 0.822670 0.023726 0.044988
0 0.445456 0.641837 0.034755 0.062785