0 0.052473 0.393629 0.011130 0.021654
0 0.848055 0.394493 0.011398 0.027905
0 0.557200 0.722884 0.020352 0.044001
0 0.104924 0.881753 0.013261 0.027162
0 0.805368 0.301606 0.012252 0.024575
0 0.064240 0.395760 0.012490 0.021066
0 0.781038 0.043673 0.015151 0.026464
0 0.076595 0.894368 0.013749 0.028965
0 0.857612 0.336567 0.013873 0.025638
0 0.185853 0.648050 0.018692 0.029934
0 0.015809 0.824971 0.023348 0.035482
0 0.396811 0.977851 0.024483 0.042806
0 0.958236 0.127145 0.015229 0.026106
0 0.388919 0.212718 0.024217 0.054056