0 0.381309 0.197668 0.012609 0.017731
0 0.249038 0.829874 0.015414 0.016652
0 0.777905 0.827377 0.008655 0.018223
0 0.940820 0.851206 0.008739 0.026190
0 0.639917 0.465207 0.008840 0.017624
0 0.833015 0.149765 0.011602 0.017591
0 0.600988 0.048094 0.010590 0.013382
0 0.228914 0.373770 0.008658 0.014336
0 0.921783 0.311805 0.007782 0.013344
0 0.617662 0.788546 0.009812 0.019655
0 0.480173 0.007133 0.009849 0.013864
0 0.436955 0.149596 0.010165 0.019710
0 0.597456 0.073797 0.007928 0.015876
0 0.882523 0.235195 0.015850 0.029014
0 0.527154 0.228737 0.007508 0.014893
0 0.753345 0.494464 0.009006 0.014746
0 0.758362 0.792148 0.008547 0.016216
0 0.049606 0.150033 0.013223 0.025429
0 0.884314 0.242416 0.014720 0.016356
0 0.836088 0.846957 0.009164 0.015488
0 0.062102 0.389151 0.010695 0.016215
0 0.951400 0.644929 0.009466 0.016460
0 0.845920 0.526079 0.009013 0.018514
0 0.273651 0.418160 0.009587 0.015493
0 0.505050 0.062978 0.008632 0.014710
0 0.055833 0.320581 0.011698 0.022209
0 0.637062 0.500171 0.017161 0.033350