0 0.233234 0.083906 0.029852 0.071846
0 0.408536 0.571406 0.015035 0.033666
0 0.152027 0.577381 0.018054 0.035867
0 0.163863 0.927140 0.025456 0.048276
0 0.895894 0.184807 0.016114 0.036436
0 0.801117 0.893446 0.009580 0.022663
0 0.276596 0.441710 0.014111 0.030167
0 0.195494 0.637506 0.021478 0.045214
0 0.604941 0.367388 0.013920 0.028989
0 0.221408 0.410221 0.017521 0.035330
0 0.397312 0.842837 0.018630 0.040050
0 0.371066 0.439062 0.015759 0.032319
0 0.270894 0.211763 0.016309 0.038824
0 0.332968 0.813386 0.015048 0.032450
0 0.361119 0.929531 0.020476 0.042458
0 0.165235 0.872030 0.020862 0.040620
0 0.116837 0.244090 0.017293 0.035561
0 0.096374 0.301430 0.017458 0.035980
0 0.812289 0.669168 0.016050 0.032448
0 0.146870 0.239437 0.017140 0.037223
0 0.137373 0.639064 0.017178 0.035736
0 0.021665 0.588637 0.022419 0.049234
0 0.545969 0.901832 0.013723 0.028775
0 0.098090 0.588775 0.020832 0.040734
0 0.614861 0.169097 0.032173 0.065109