0 0.629703 0.083541 0.012350 0.022306
0 0.561467 0.237650 0.012399 0.024883
0 0.218511 0.151653 0.010950 0.028507
0 0.929037 0.257857 0.010896 0.023185
0 0.711596 0.928114 0.009172 0.024771
0 0.312701 0.497268 0.012243 0.022711
0 0.927150 0.026113 0.017692 0.025304
0 0.511796 0.172557 0.011139 0.022292
0 0.959669 0.594824 0.015587 0.034456
0 0.028867 0.092581 0.011191 0.021587
0 0.032362 0.349180 0.011066 0.022093
0 0.947552 0.355639 0.022972 0.032976
0 0.446327 0.487911 0.012154 0.028236
0 0.578854 0.157039 0.011316 0.023797
0 0.222285 0.077883 0.010599 0.027747
0 0.426310 0.089348 0.013509 0.025072
0 0.052519 0.794225 0.015490 0.025395
0 0.059644 0.089339 0.011550 0.021669
0 0.693190 0.089457 0.012887 0.024780
0 0.027087 0.149481 0.012884 0.022272
0 0.881001 0.433366 0.010050 0.028342
0 0.932557 0.134326 0.010090 0.019135
0 0.651278 0.126480 0.018975 0.031166
0 0.533429 0.010749 0.017445 0.021386
0 0.223623 0.108633 0.017152 0.033484
0 0.409438 0.128415 0.014431 0.027399
0 0.054340 0.024199 0.012313 0.023116
0 0.566699 0.614343 0.012449 0.025469
0 0.321161 0.031587 0.017698 0.038533
0 0.279479 0.141182 0.011777 0.028224
0 0.112326 0.193828 0.012313 0.021710
0 0.832655 0.313402 0.017332 0.032854
0 0.038920 0.013339 0.015152 0.025014
0 0.600465 0.680605 0.016019 0.030012
0 0.660661 0.550501 0.014599 0.031012
0 0.977317 0.178814 0.015562 0.026872
0 0.712382 0.116722 0.016083 0.027818
0 0.329550 0.131353 0.013217 0.029946
0 0.843340 0.752976 0.016335 0.034493
0 0.803063 0.035908 0.014654 0.024356
0 0.396574 0.102477 0.018837 0.038326
0 0.489987 0.036447 0.020610 0.048095
0 0.417278 0.235332 0.016898 0.027742
0 0.734293 0.101763 0.018773 0.028545
0 0.224775 0.011488 0.014547 0.022767
0 0.530418 0.272660 0.013739 0.028548
0 0.142950 0.089422 0.016123 0.028549
0 0.283204 0.016591 0.016923 0.030359
0 0.253819 0.140339 0.018688 0.031280
0 0.188993 0.017600 0.017437 0.030398
0 0.455450 0.074693 0.021107 0.038112
0 0.482029 0.114172 0.020443 0.033237
0 0.163359 0.066834 0.018605 0.034485