0 0.369928 0.123727 0.011408 0.024306
0 0.826058 0.031981 0.009334 0.019867
0 0.856320 0.956976 0.013440 0.023788
0 0.690815 0.458802 0.015158 0.031941
0 0.236272 0.156763 0.010587 0.020710
0 0.291266 0.075822 0.016298 0.025865
0 0.401975 0.328492 0.008814 0.022726
0 0.322404 0.057696 0.007975 0.019912
0 0.342097 0.025908 0.008619 0.021038
0 0.242361 0.564590 0.009313 0.019158
0 0.395232 0.218632 0.011962 0.024690
0 0.729148 0.913257 0.010049 0.022079
0 0.383167 0.725231 0.010587 0.024147
0 0.581611 0.460152 0.010639 0.023630
0 0.604124 0.392836 0.011210 0.024361
0 0.163661 0.221629 0.011584 0.024051
0 0.292137 0.115519 0.009487 0.020617
0 0.296795 0.653104 0.014516 0.024142
0 0.496614 0.393093 0.011433 0.028672
0 0.539338 0.390669 0.011868 0.026696
0 0.673251 0.233811 0.012321 0.026192
0 0.477608 0.227919 0.013299 0.029298
0 0.199708 0.628413 0.015101 0.027907
0 0.434007 0.877580 0.015440 0.031180
0 0.204100 0.732857 0.020046 0.030661