0 0.335462 0.158972 0.009466 0.017272
0 0.724090 0.753889 0.008755 0.012667
0 0.797073 0.581689 0.007921 0.011398
0 0.991965 0.683428 0.008272 0.013893
0 0.265710 0.308732 0.011124 0.033472
0 0.508002 0.145435 0.009923 0.018159
0 0.249411 0.488637 0.011165 0.014248
0 0.662652 0.070235 0.010500 0.012989
0 0.541609 0.164917 0.009942 0.013809
0 0.670126 0.133119 0.010057 0.012259
0 0.341325 0.126714 0.013903 0.020767
0 0.723081 0.307738 0.014430 0.013875
0 0.077988 0.930620 0.014684 0.015352
0 0.890680 0.675308 0.010006 0.014251
0 0.325997 0.532827 0.020492 0.035496
0 0.803809 0.217244 0.010506 0.016424
0 0.274887 0.043449 0.013848 0.026914
0 0.673498 0.608057 0.009692 0.017243
0 0.882069 0.105521 0.009897 0.017386
0 0.622899 0.937030 0.019538 0.022548
0 0.661068 0.157822 0.012508 0.020304
0 0.273882 0.310295 0.024979 0.047433
0 0.608757 0.702712 0.014407 0.014762
0 0.366742 0.844939 0.017793 0.033028
0 0.135904 0.277736 0.030310 0.058981
0 0.156294 0.352455 0.018372 0.036296