0 0.409786 0.583119 0.013228 0.029954
0 0.461372 0.396344 0.023060 0.052041
0 0.537167 0.415277 0.018178 0.042533
0 0.332315 0.775003 0.020468 0.039225
0 0.091143 0.761308 0.020856 0.038287
0 0.409082 0.822732 0.015292 0.034193
0 0.021102 0.593648 0.017774 0.036772
0 0.305850 0.143258 0.037221 0.075556
0 0.427408 0.320136 0.014921 0.035516
0 0.024809 0.366770 0.016120 0.047067
0 0.306127 0.193069 0.024915 0.032893
0 0.206160 0.455972 0.016047 0.036637
0 0.309708 0.880215 0.015804 0.030662
0 0.075174 0.464831 0.025589 0.047400
0 0.297841 0.656887 0.017187 0.034053
0 0.031811 0.764815 0.019756 0.039431
0 0.197417 0.920418 0.034458 0.058724
0 0.192425 0.841890 0.043350 0.080677
0 0.402284 0.663956 0.018533 0.042673
0 0.142868 0.219031 0.016143 0.034004
0 0.245422 0.321866 0.029734 0.052345
0 0.205531 0.604487 0.015670 0.028518
0 0.188241 0.223402 0.017721 0.031148
0 0.172093 0.133544 0.016010 0.029149
0 0.056241 0.673193 0.021398 0.040392
0 0.181513 0.030323 0.014506 0.027339
0 0.171210 0.618608 0.017152 0.035521
0 0.112795 0.270840 0.015453 0.030049
0 0.124258 0.775847 0.024480 0.038619
0 0.129994 0.706178 0.025963 0.045680
0 0.263607 0.238734 0.019143 0.052233
0 0.043232 0.202189 0.021892 0.035675
0 0.426317 0.733076 0.021530 0.042823
0 0.036063 0.912843 0.022345 0.035858
0 0.264109 0.868142 0.020439 0.040279
0 0.680272 0.881552 0.028343 0.072868
0 0.504573 0.535987 0.023379 0.052219
0 0.248583 0.543627 0.022098 0.046042
0 0.653000 0.331290 0.018352 0.039364
0 0.523109 0.962791 0.025811 0.045931
0 0.248385 0.956638 0.049218 0.050198
0 0.301105 0.830281 0.023034 0.040325