0 0.965204 0.805532 0.006568 0.012656
0 0.634527 0.262460 0.006726 0.011565
0 0.723675 0.918860 0.007264 0.011622
0 0.283980 0.539119 0.009873 0.016426
0 0.964024 0.550896 0.007534 0.017470
0 0.225034 0.533511 0.006660 0.011389
0 0.237276 0.818158 0.007469 0.011046
0 0.074584 0.430009 0.006868 0.012115
0 0.302254 0.950488 0.009001 0.015242
0 0.078257 0.789192 0.010613 0.018739
0 0.040218 0.233596 0.007650 0.010347
0 0.220376 0.450300 0.008414 0.014304
0 0.098730 0.690633 0.010609 0.018089
0 0.477694 0.017557 0.006934 0.011265
0 0.213685 0.118430 0.007227 0.014081
0 0.371254 0.827933 0.006754 0.011618
0 0.205159 0.100328 0.007757 0.013813
0 0.730398 0.562222 0.008997 0.015713
0 0.221746 0.012002 0.011244 0.018826
0 0.548999 0.283017 0.006482 0.012144
0 0.807852 0.565061 0.009583 0.017068
0 0.100869 0.569606 0.009823 0.018306
0 0.061957 0.710896 0.010426 0.022989
0 0.387785 0.243534 0.006212 0.012586
0 0.932392 0.664638 0.009983 0.020473
0 0.185854 0.928643 0.009733 0.017899
0 0.610749 0.330133 0.007734 0.013835
0 0.222472 0.171952 0.008447 0.014275
0 0.281187 0.713503 0.021220 0.041223
0 0.021416 0.055092 0.006622 0.010152
0 0.715227 0.872000 0.007567 0.013217
0 0.486712 0.709764 0.006886 0.011144
0 0.146188 0.090579 0.010691 0.019986
0 0.761049 0.176222 0.011950 0.021584
0 0.756936 0.404373 0.009116 0.016598
0 0.275541 0.462169 0.008596 0.017508
0 0.764118 0.290412 0.007279 0.012981
0 0.320969 0.520693 0.009456 0.015946
0 0.750709 0.033535 0.006313 0.015028
0 0.768633 0.488307 0.008190 0.024899
0 0.215873 0.232626 0.008118 0.014348
0 0.785499 0.099944 0.009454 0.018095
0 0.822857 0.869322 0.010142 0.019628
0 0.455102 0.422927 0.006172 0.014474
0 0.549383 0.008270 0.008678 0.012855
0 0.528039 0.820547 0.007798 0.014521
0 0.523834 0.936735 0.010294 0.019378
0 0.223116 0.909058 0.010220 0.018666
0 0.251164 0.745120 0.007220 0.012907
0 0.551002 0.621694 0.007635 0.011685
0 0.179849 0.235393 0.007409 0.013510
0 0.278630 0.585046 0.006710 0.013265
0 0.636921 0.066497 0.007073 0.012065
0 0.748012 0.687353 0.006650 0.012674
0 0.186662 0.701220 0.007689 0.011979
0 0.419280 0.713434 0.014060 0.025854
0 0.292182 0.193981 0.015986 0.028854
0 0.210895 0.408625 0.010250 0.011748
0 0.639623 0.133626 0.011858 0.018863
0 0.511524 0.173218 0.006259 0.013307
0 0.573593 0.112631 0.007443 0.011927
0 0.331306 0.757760 0.006231 0.017306
0 0.847345 0.445388 0.009641 0.017742
0 0.579428 0.374576 0.010386 0.012475
0 0.341309 0.419763 0.006678 0.012411
0 0.132312 0.691231 0.007843 0.013419
0 0.457756 0.196392 0.007021 0.013844
0 0.439139 0.179769 0.007443 0.018354
0 0.508835 0.018571 0.006923 0.014074
0 0.323404 0.565427 0.007736 0.013289
0 0.030562 0.329826 0.008089 0.013626
0 0.606801 0.040735 0.006949 0.015764
0 0.424541 0.769851 0.007796 0.013416
0 0.168585 0.754749 0.008445 0.013296
0 0.447164 0.592430 0.011835 0.015588
0 0.577979 0.086065 0.008014 0.012764
0 0.517566 0.420947 0.007275 0.012225
0 0.125688 0.542216 0.015178 0.026126
0 0.542190 0.727672 0.007294 0.014511
0 0.452368 0.834033 0.009193 0.013702
0 0.666777 0.593456 0.008413 0.016102
0 0.310882 0.417051 0.007890 0.015382
0 0.637479 0.808304 0.006991 0.016089
0 0.368885 0.276964 0.008523 0.014481
0 0.217671 0.651390 0.010637 0.015605
0 0.085884 0.060189 0.009444 0.012909
0 0.074520 0.138827 0.009771 0.015665
0 0.165994 0.817151 0.010181 0.016629
0 0.059267 0.152441 0.011343 0.014875
0 0.051171 0.260835 0.009058 0.016512
0 0.483074 0.057368 0.014157 0.019847
0 0.590750 0.337933 0.009095 0.012876
0 0.161669 0.383144 0.009565 0.017572
0 0.446776 0.509739 0.008070 0.014347
0 0.239992 0.108118 0.015480 0.022119
0 0.656104 0.047416 0.009204 0.018635
0 0.407820 0.186393 0.011862 0.018726
0 0.569955 0.186025 0.009161 0.017166
0 0.421219 0.198690 0.007492 0.015739
0 0.626822 0.453885 0.008420 0.013664
0 0.481200 0.261845 0.008307 0.019018
0 0.166121 0.259688 0.013487 0.020205
0 0.533439 0.642058 0.007617 0.015849