0 0.436156 0.056088 0.009492 0.016387
0 0.604140 0.013188 0.012934 0.025944
0 0.521320 0.284399 0.010923 0.017923
0 0.503186 0.069546 0.012148 0.016203
0 0.563189 0.142373 0.010606 0.015311
0 0.580029 0.068524 0.009014 0.017513
0 0.515593 0.076818 0.012058 0.014359
0 0.018265 0.404182 0.018556 0.019599
0 0.272165 0.265067 0.012124 0.021455
0 0.221061 0.149399 0.016054 0.023865
0 0.439569 0.197267 0.012276 0.019280
0 0.531138 0.121986 0.014382 0.017346
0 0.387953 0.091245 0.011187 0.022449
0 0.550228 0.129043 0.016181 0.019035
0 0.684183 0.130273 0.012922 0.023282
0 0.420956 0.134500 0.014680 0.023971
0 0.497420 0.122750 0.015783 0.022620
0 0.795437 0.165628 0.014148 0.022780
0 0.604334 0.053639 0.012100 0.020869
0 0.352475 0.257039 0.016323 0.025072
0 0.720415 0.236546 0.018570 0.036792
0 0.403621 0.226849 0.019384 0.033780
0 0.608503 0.252905 0.014924 0.028245