0 0.756276 0.894791 0.008310 0.013646
0 0.489015 0.947898 0.009002 0.013098
0 0.895630 0.820868 0.008497 0.014329
0 0.611449 0.428363 0.012724 0.025783
0 0.668526 0.861349 0.011785 0.017124
0 0.472687 0.786625 0.011967 0.019044
0 0.202732 0.987405 0.015475 0.023182
0 0.862219 0.723436 0.007598 0.014165
0 0.711229 0.443188 0.016158 0.027050
0 0.462838 0.044284 0.011465 0.022239
0 0.375209 0.811347 0.013547 0.031133
0 0.256764 0.816506 0.010948 0.018131
0 0.368976 0.973386 0.010373 0.013407
0 0.313200 0.962910 0.014292 0.019866
0 0.055230 0.982981 0.015135 0.022383
0 0.859253 0.867757 0.008805 0.017773
0 0.735199 0.060144 0.011932 0.017564
0 0.749392 0.766487 0.008313 0.014983
0 0.546609 0.474928 0.017530 0.032017
0 0.395767 0.852426 0.009450 0.019667
0 0.848225 0.937055 0.008804 0.014656
0 0.780287 0.975922 0.009709 0.017145
0 0.541550 0.977808 0.011136 0.013640
0 0.292357 0.648908 0.021961 0.044500
0 0.981240 0.944962 0.010127 0.016951
0 0.763553 0.933197 0.012788 0.015611
0 0.030968 0.400437 0.012558 0.020015
0 0.592201 0.135359 0.010539 0.022143
0 0.551219 0.668151 0.016010 0.037978
0 0.427470 0.903043 0.013256 0.030549