0 0.156708 0.792627 0.015532 0.018454
0 0.937125 0.645600 0.011869 0.024145
0 0.231691 0.728573 0.015379 0.029317
0 0.104363 0.672180 0.010864 0.021023
0 0.783979 0.848821 0.012262 0.025120
0 0.989972 0.875539 0.012899 0.025677
0 0.022728 0.792005 0.014139 0.025628
0 0.041096 0.507899 0.012914 0.024583
0 0.881674 0.910526 0.013337 0.026265
0 0.349655 0.129509 0.017443 0.021940
0 0.986742 0.529387 0.009933 0.020215
0 0.374427 0.544584 0.019121 0.023662
0 0.067786 0.680404 0.010781 0.021454
0 0.381830 0.582156 0.016163 0.029715
0 0.250892 0.491663 0.017909 0.017838
0 0.934688 0.769944 0.013552 0.027781
0 0.372243 0.714600 0.015017 0.017057
0 0.415681 0.736275 0.015433 0.018487
0 0.413156 0.585845 0.014837 0.021930
0 0.410272 0.452931 0.014322 0.018926
0 0.394694 0.124225 0.014816 0.021534
0 0.371576 0.439177 0.017987 0.022848
0 0.200547 0.456350 0.015448 0.017855
0 0.548178 0.138708 0.013807 0.028599
0 0.068358 0.410698 0.016386 0.031905
0 0.232317 0.522393 0.016666 0.020660
0 0.335547 0.577542 0.025204 0.025690
0 0.306580 0.676199 0.024505 0.022832
0 0.270650 0.498897 0.023980 0.024200
0 0.300643 0.554006 0.028048 0.023355
0 0.340539 0.402352 0.028396 0.031795