0 0.714331 0.628251 0.016891 0.039254
0 0.253784 0.879244 0.018076 0.024186
0 0.013428 0.924601 0.024628 0.068051
0 0.082900 0.210914 0.021950 0.031713
0 0.929282 0.703314 0.032127 0.049952
0 0.207684 0.054673 0.027751 0.022902
0 0.262139 0.153646 0.029173 0.022427
0 0.300041 0.702313 0.028049 0.027291
0 0.876686 0.621337 0.022125 0.042640
0 0.341843 0.441033 0.030734 0.050794
0 0.255155 0.064019 0.025741 0.022007
0 0.332224 0.858275 0.039006 0.045234
0 0.059152 0.012325 0.032156 0.022513
0 0.274599 0.674533 0.031505 0.031143
0 0.072841 0.075193 0.029434 0.024461
0 0.210573 0.010874 0.040279 0.020702
0 0.029175 0.063908 0.028998 0.023111
0 0.193971 0.204491 0.042533 0.032428
0 0.338703 0.126481 0.040164 0.039247
0 0.129548 0.363187 0.036047 0.071683
0 0.069856 0.041449 0.034500 0.025356
0 0.918978 0.411305 0.051000 0.106919
0 0.191374 0.905340 0.032516 0.028289
0 0.432244 0.846504 0.059134 0.058823
0 0.127138 0.504012 0.035654 0.031629
0 0.092120 0.686009 0.055693 0.034762