0 0.565220 0.053239 0.011149 0.016931
0 0.538497 0.154198 0.012664 0.015947
0 0.052913 0.102428 0.011299 0.020246
0 0.046502 0.876469 0.011112 0.015200
0 0.383008 0.181266 0.011016 0.020348
0 0.915411 0.074499 0.010042 0.017953
0 0.596409 0.049039 0.015261 0.028331
0 0.271558 0.035894 0.019109 0.031021
0 0.381966 0.557608 0.014375 0.016924
0 0.374907 0.268855 0.021479 0.035405
0 0.306086 0.535392 0.011124 0.019827
0 0.133659 0.685784 0.011933 0.016536
0 0.407397 0.290204 0.016826 0.027784
0 0.961222 0.680944 0.016029 0.031978
0 0.027372 0.751659 0.012993 0.015220
0 0.369540 0.610847 0.019761 0.026341
0 0.681464 0.518572 0.019352 0.042288
0 0.614766 0.111069 0.022176 0.032924
0 0.170895 0.130390 0.010973 0.018963
0 0.011971 0.657495 0.012660 0.019506
0 0.166790 0.643170 0.012772 0.016436
0 0.507867 0.161609 0.013623 0.017766
0 0.099865 0.629383 0.013367 0.022716
0 0.452087 0.413282 0.014270 0.017875
0 0.334966 0.762957 0.017611 0.031917
0 0.470739 0.406213 0.016132 0.020069
0 0.482779 0.231267 0.012594 0.022912
0 0.571300 0.029872 0.019011 0.019625
0 0.397908 0.209811 0.013853 0.026482
0 0.662229 0.246915 0.012338 0.022885
0 0.422580 0.102959 0.011660 0.017677
0 0.172060 0.390608 0.013215 0.024953
0 0.080506 0.549927 0.014251 0.034792
0 0.197194 0.719098 0.015820 0.024698
0 0.396432 0.105041 0.013055 0.019676
0 0.122672 0.535725 0.022969 0.041966
0 0.325601 0.203477 0.014008 0.024260
0 0.355595 0.502661 0.013567 0.018176
0 0.203352 0.349147 0.012217 0.017854
0 0.318670 0.456591 0.014854 0.018507
0 0.016499 0.266299 0.021132 0.039339
0 0.480085 0.097531 0.019235 0.039465
0 0.829537 0.778436 0.028492 0.048934
0 0.521452 0.239024 0.029914 0.041695