0 0.178068 0.365512 0.017375 0.029002
0 0.608901 0.142264 0.013167 0.026747
0 0.167296 0.776344 0.016865 0.032096
0 0.149818 0.252859 0.014606 0.030263
0 0.368253 0.578093 0.018414 0.036521
0 0.120190 0.294684 0.019218 0.047159
0 0.590994 0.085571 0.012461 0.027708
0 0.188418 0.847952 0.021513 0.042889
0 0.294716 0.368118 0.020524 0.034973
0 0.324163 0.740822 0.015146 0.030562
0 0.586214 0.418378 0.015325 0.034536
0 0.571297 0.025059 0.015385 0.031394
0 0.632986 0.015723 0.016595 0.030604
0 0.437986 0.879373 0.020149 0.040779
0 0.377710 0.988435 0.023677 0.021965
0 0.837819 0.981069 0.021400 0.035620
0 0.226082 0.092149 0.022086 0.045504
0 0.312293 0.643619 0.020875 0.041255
0 0.290080 0.409170 0.033712 0.061459
0 0.338328 0.366881 0.030004 0.051604
0 0.276367 0.552561 0.024439 0.047272
0 0.447960 0.227394 0.024424 0.051643