0 0.791290 0.126882 0.019106 0.035519
0 0.491166 0.528042 0.019062 0.035075
0 0.043112 0.941783 0.023862 0.051314
0 0.932671 0.226064 0.015733 0.034464
0 0.390571 0.947067 0.036310 0.075155
0 0.214274 0.463936 0.031549 0.059649
0 0.561256 0.439194 0.034877 0.073483
0 0.490045 0.611128 0.022837 0.042492
0 0.704672 0.530829 0.027747 0.050686
0 0.276041 0.654912 0.032110 0.085114
0 0.595818 0.409644 0.049285 0.098338
0 0.463511 0.861822 0.047028 0.101298
0 0.774902 0.502227 0.045897 0.081529
0 0.856919 0.399497 0.028118 0.066774
0 0.344576 0.658615 0.056258 0.106226