0 0.865491 0.456402 0.013490 0.031669
0 0.834958 0.601143 0.017185 0.036524
0 0.835951 0.193921 0.012421 0.027761
0 0.850876 0.250397 0.011908 0.024741
0 0.610485 0.662072 0.012614 0.029226
0 0.945962 0.295466 0.011644 0.028518
0 0.918032 0.355999 0.016178 0.035819
0 0.935041 0.481931 0.019678 0.043934
0 0.917907 0.053186 0.012313 0.027264
0 0.373287 0.360733 0.014111 0.032195
0 0.398835 0.719776 0.011700 0.024823
0 0.628969 0.974744 0.031947 0.045546
0 0.880269 0.628018 0.011996 0.026669
0 0.937736 0.259528 0.014779 0.033274
0 0.844108 0.547451 0.015501 0.034349
0 0.599466 0.703152 0.014601 0.030177
0 0.325867 0.762408 0.016858 0.031831
0 0.351670 0.672764 0.018821 0.038708
0 0.547890 0.593839 0.015042 0.032327
0 0.670531 0.939766 0.025038 0.051332
0 0.332105 0.796393 0.016672 0.032839
0 0.262318 0.847107 0.020821 0.044170
0 0.614744 0.216761 0.044550 0.088005
0 0.338348 0.520545 0.023350 0.055089