0 0.678433 0.862951 0.007405 0.009403
0 0.169165 0.208380 0.008615 0.015171
0 0.485314 0.572617 0.010087 0.013320
0 0.375811 0.503343 0.005943 0.008035
0 0.566810 0.396713 0.006012 0.008921
0 0.424568 0.484166 0.005735 0.007246
0 0.496701 0.551462 0.007094 0.008627
0 0.565468 0.160169 0.008105 0.009523
0 0.500790 0.986241 0.007129 0.011901
0 0.190531 0.821340 0.005561 0.009161
0 0.412431 0.564243 0.008582 0.009203
0 0.613077 0.859230 0.005585 0.011342
0 0.352485 0.905630 0.005997 0.010717
0 0.275150 0.671381 0.014666 0.024769
0 0.375143 0.485952 0.006397 0.010516
0 0.533426 0.699947 0.005573 0.007782
0 0.317070 0.072846 0.008197 0.009467
0 0.248683 0.647074 0.005801 0.008778
0 0.601418 0.623373 0.005866 0.008652
0 0.598612 0.717208 0.007536 0.009777
0 0.296136 0.624537 0.007837 0.013141
0 0.114092 0.811764 0.012287 0.019830
0 0.463859 0.810656 0.008235 0.017431
0 0.628763 0.785328 0.012199 0.011343
0 0.469458 0.527233 0.006268 0.011006
0 0.358924 0.766026 0.007610 0.009808
0 0.211343 0.236210 0.005799 0.009902
0 0.502397 0.593924 0.007714 0.009067
0 0.263983 0.512863 0.005047 0.007415
0 0.141884 0.802383 0.006857 0.011911
0 0.113098 0.942741 0.008298 0.015327
0 0.646667 0.640387 0.006726 0.012182
0 0.264337 0.623855 0.006274 0.009911
0 0.277998 0.505647 0.007975 0.010817
0 0.564129 0.843378 0.007763 0.012579
0 0.641741 0.941724 0.006147 0.008605
0 0.224247 0.617376 0.005862 0.009921
0 0.549980 0.620365 0.009388 0.013722
0 0.098455 0.685754 0.006647 0.008765
0 0.482701 0.428236 0.006416 0.009546
0 0.194394 0.524458 0.008651 0.012619
0 0.577372 0.666765 0.007534 0.012865
0 0.704625 0.885777 0.006603 0.009915
0 0.594887 0.765928 0.018325 0.018042
0 0.399818 0.859466 0.006880 0.009847
0 0.524913 0.504331 0.008910 0.014784
0 0.579929 0.977443 0.007194 0.009746
0 0.313006 0.871660 0.010907 0.018507
0 0.326837 0.230086 0.005547 0.009361
0 0.379380 0.757863 0.007565 0.011512
0 0.334954 0.190852 0.006318 0.010264
0 0.519550 0.649937 0.006776 0.009731
0 0.727691 0.125022 0.006168 0.009402
0 0.561071 0.716639 0.005631 0.008278
0 0.529040 0.944080 0.013964 0.017305
0 0.479418 0.591341 0.006161 0.009115
0 0.393803 0.409117 0.008092 0.009752
0 0.661557 0.950505 0.007226 0.009682
0 0.658729 0.738260 0.005260 0.007671
0 0.517935 0.303391 0.012112 0.024925
0 0.277921 0.561831 0.007397 0.010222
0 0.529180 0.721074 0.006575 0.009223
0 0.694086 0.664825 0.008276 0.009313
0 0.485440 0.619394 0.007246 0.008799
0 0.501223 0.741880 0.011064 0.012938
0 0.396227 0.560238 0.008658 0.010687
0 0.578856 0.880320 0.007742 0.011047
0 0.621651 0.968152 0.011628 0.011784
0 0.538732 0.085970 0.005438 0.009112
0 0.456224 0.612443 0.006289 0.009625
0 0.815073 0.783631 0.009363 0.013303
0 0.588154 0.354274 0.010001 0.012529
0 0.442849 0.268480 0.009479 0.015496