0 0.138608 0.026314 0.017101 0.037728
0 0.286508 0.411364 0.012796 0.021341
0 0.821423 0.014513 0.024469 0.028745
0 0.906805 0.423663 0.015700 0.028404
0 0.232147 0.320842 0.011403 0.023525
0 0.059498 0.044396 0.014292 0.033823
0 0.287420 0.477024 0.009215 0.020522
0 0.794103 0.687221 0.014131 0.029643
0 0.170427 0.503007 0.017007 0.033793
0 0.012514 0.720101 0.012723 0.021846
0 0.978254 0.314881 0.016970 0.031950
0 0.153923 0.630060 0.015720 0.034290
0 0.506902 0.432634 0.011277 0.027171
0 0.837972 0.419918 0.012630 0.031272
0 0.613886 0.988101 0.015781 0.022226
0 0.659758 0.864639 0.013381 0.023028
0 0.033515 0.361479 0.012261 0.021253
0 0.960446 0.515445 0.015421 0.028065
0 0.559462 0.640936 0.010316 0.023050
0 0.013013 0.439283 0.012245 0.019489
0 0.364896 0.063022 0.016305 0.026550
0 0.525340 0.808837 0.013694 0.028093
0 0.063531 0.330859 0.013716 0.023544
0 0.198155 0.042383 0.018074 0.027451
0 0.865044 0.391895 0.014957 0.027944
0 0.206125 0.007563 0.019547 0.015127
0 0.724670 0.837305 0.012042 0.019590
0 0.912848 0.234726 0.014148 0.025642
0 0.972307 0.589073 0.016802 0.026502
0 0.118281 0.195146 0.015663 0.025057
0 0.260976 0.282700 0.015473 0.023272
0 0.693078 0.867846 0.013579 0.024822
0 0.114273 0.445240 0.015747 0.030457
0 0.417262 0.812477 0.019123 0.028079
0 0.268263 0.486456 0.014886 0.026757
0 0.327454 0.488108 0.011681 0.024888