0 0.694289 0.390785 0.007904 0.017169
0 0.646103 0.318268 0.009024 0.018615
0 0.418588 0.265974 0.008416 0.021222
0 0.509734 0.496736 0.008444 0.018653
0 0.114202 0.120120 0.009358 0.019772
0 0.047944 0.170801 0.008716 0.021258
0 0.602066 0.586817 0.010017 0.024168
0 0.109575 0.720345 0.009341 0.020684
0 0.400618 0.217538 0.007355 0.017347
0 0.413630 0.235460 0.008892 0.021112
0 0.675992 0.508238 0.008785 0.020564
0 0.611098 0.540616 0.007787 0.017158
0 0.431658 0.306699 0.010066 0.024025
0 0.610234 0.565376 0.009146 0.022923
0 0.617076 0.528600 0.008349 0.019811
0 0.612277 0.457761 0.009852 0.021609
0 0.586388 0.506040 0.010851 0.023799
0 0.525409 0.667789 0.013882 0.030883