0 0.310856 0.324161 0.008343 0.013239
0 0.913909 0.571837 0.008814 0.018886
0 0.800017 0.831873 0.006360 0.017674
0 0.072349 0.769090 0.007374 0.014981
0 0.714136 0.117848 0.007081 0.013824
0 0.117339 0.554163 0.006697 0.013946
0 0.319956 0.733126 0.008826 0.022823
0 0.170123 0.577942 0.007758 0.015880
0 0.353089 0.432563 0.007656 0.013550
0 0.288701 0.722179 0.006658 0.011395
0 0.936041 0.849322 0.008657 0.015628
0 0.727991 0.300823 0.008857 0.018506
0 0.079890 0.842160 0.006789 0.013452
0 0.235392 0.541684 0.007368 0.013991
0 0.093075 0.570556 0.006049 0.012431
0 0.832015 0.145796 0.011103 0.015997
0 0.357669 0.370185 0.007044 0.016615
0 0.715928 0.307509 0.008068 0.016079
0 0.866476 0.345817 0.008872 0.015359
0 0.908446 0.900814 0.010198 0.019917
0 0.352828 0.804997 0.007368 0.013879
0 0.141708 0.042628 0.007371 0.018890
0 0.949595 0.663181 0.008595 0.019315
0 0.348241 0.252242 0.022117 0.051264
0 0.807598 0.458741 0.008849 0.015139
0 0.263738 0.577159 0.009227 0.024289
0 0.206249 0.717386 0.007151 0.015773
0 0.328020 0.826687 0.008348 0.016799
0 0.661080 0.510598 0.012147 0.016753
0 0.296188 0.811343 0.008363 0.016212
0 0.217484 0.607411 0.007634 0.013652
0 0.343987 0.853600 0.009643 0.019999
0 0.882612 0.967974 0.011722 0.023630
0 0.305136 0.735672 0.008462 0.016352
0 0.753206 0.484010 0.011010 0.017469
0 0.762405 0.428200 0.011543 0.026994