0 0.069124 0.659630 0.011975 0.021060
0 0.420937 0.918769 0.011146 0.024075
0 0.347125 0.027568 0.014468 0.029503
0 0.288036 0.227121 0.013814 0.028415
0 0.309344 0.093099 0.012532 0.025055
0 0.680578 0.078367 0.017286 0.041537
0 0.455678 0.009242 0.017551 0.018484
0 0.731098 0.255560 0.013335 0.038201
0 0.571295 0.772881 0.015023 0.032398
0 0.043017 0.236044 0.016797 0.039326
0 0.328247 0.769068 0.016261 0.036059
0 0.020824 0.199275 0.018537 0.038018
0 0.687154 0.750673 0.014490 0.030412
0 0.321024 0.848863 0.013857 0.027614
0 0.978364 0.080973 0.040714 0.122305
0 0.267437 0.732927 0.012884 0.027226
0 0.219427 0.313965 0.021771 0.044037
0 0.592722 0.747579 0.016776 0.030731
0 0.403876 0.513953 0.013746 0.028664
0 0.630395 0.849274 0.015128 0.033398
0 0.491167 0.395237 0.013489 0.028678
0 0.523948 0.367553 0.015495 0.033136
0 0.389687 0.808714 0.020186 0.040534
0 0.438507 0.285834 0.017067 0.032820
0 0.493988 0.887682 0.017125 0.035304
0 0.773469 0.702619 0.019214 0.044831
0 0.445362 0.367583 0.014488 0.032141
0 0.847813 0.625697 0.022089 0.046717
0 0.695437 0.166275 0.017065 0.040481
0 0.251708 0.542731 0.031001 0.059625
0 0.915438 0.708484 0.035881 0.068419
0 0.356424 0.616008 0.026575 0.049828
0 0.544073 0.706769 0.024096 0.045293
0 0.425560 0.395935 0.018888 0.037845