0 0.561039 0.130349 0.009745 0.019234
0 0.922163 0.294267 0.018178 0.049307
0 0.621239 0.405245 0.014620 0.032436
0 0.569615 0.441808 0.008879 0.021396
0 0.289197 0.479153 0.009319 0.017971
0 0.247077 0.856580 0.017271 0.033580
0 0.509101 0.429687 0.010425 0.029121
0 0.524214 0.347946 0.009352 0.024470
0 0.562062 0.609256 0.009715 0.019110
0 0.483097 0.519248 0.009022 0.019947
0 0.100865 0.315868 0.012492 0.030585
0 0.543699 0.543988 0.009691 0.018048
0 0.788762 0.030756 0.012872 0.027728
0 0.175701 0.459602 0.010943 0.019950
0 0.456376 0.350279 0.011620 0.023695
0 0.160709 0.364581 0.011053 0.020870