0 0.779159 0.184037 0.012368 0.024725
0 0.473752 0.485775 0.011598 0.022240
0 0.591519 0.786056 0.016598 0.032654
0 0.133423 0.489244 0.013474 0.023447
0 0.713416 0.420582 0.009122 0.018590
0 0.953830 0.199551 0.009710 0.018620
0 0.469619 0.139630 0.009296 0.018879
0 0.935762 0.317121 0.008863 0.017185
0 0.739283 0.291087 0.011092 0.021816
0 0.093024 0.277090 0.013640 0.025421
0 0.611114 0.677672 0.031791 0.059388
0 0.269103 0.273271 0.009602 0.021193
0 0.684939 0.368268 0.008144 0.019442
0 0.024418 0.210574 0.013943 0.025023
0 0.460150 0.454338 0.011074 0.021149
0 0.196605 0.809615 0.025621 0.047882
0 0.963328 0.422391 0.009332 0.019099
0 0.473379 0.300907 0.013061 0.025439
0 0.132622 0.261336 0.016361 0.030184
0 0.552047 0.433822 0.009927 0.020023
0 0.501906 0.396523 0.009702 0.019756
0 0.618932 0.566995 0.009545 0.019701
0 0.894467 0.305213 0.012563 0.021785
0 0.350252 0.553656 0.013113 0.026018
0 0.278733 0.732295 0.023146 0.039535
0 0.672878 0.280200 0.013667 0.024810
0 0.193371 0.390100 0.015151 0.027895
0 0.014653 0.774296 0.018877 0.037489
0 0.783980 0.264676 0.009636 0.019510
0 0.463364 0.281528 0.010221 0.021430
0 0.602367 0.561710 0.011494 0.022471
0 0.389416 0.483291 0.014878 0.025448
0 0.279288 0.120013 0.018050 0.031840
0 0.054022 0.811081 0.018149 0.039446
0 0.098524 0.055555 0.016849 0.034070
0 0.719119 0.840350 0.016815 0.026535
0 0.291172 0.248142 0.017795 0.025752
0 0.805477 0.300194 0.015187 0.026584
0 0.465668 0.805270 0.023655 0.041161
0 0.646011 0.356992 0.015150 0.028498
0 0.432819 0.427158 0.011413 0.025100
0 0.132618 0.292705 0.022683 0.037188