0 0.742250 0.699604 0.015610 0.030778
0 0.132045 0.845989 0.014539 0.026885
0 0.137895 0.494124 0.010030 0.020804
0 0.955877 0.217122 0.014980 0.030725
0 0.217260 0.091616 0.011426 0.022700
0 0.069031 0.165087 0.014131 0.025368
0 0.204010 0.430448 0.012295 0.027129
0 0.688730 0.748876 0.008856 0.017575
0 0.441676 0.735647 0.009023 0.017319
0 0.365441 0.167210 0.014408 0.029272
0 0.078589 0.611709 0.011149 0.020888
0 0.277389 0.140105 0.011349 0.021747
0 0.219993 0.365962 0.020813 0.036394
0 0.114901 0.311255 0.013246 0.026938
0 0.730545 0.385239 0.010619 0.021628
0 0.898778 0.616052 0.013906 0.029531
0 0.861626 0.727058 0.016126 0.029639
0 0.572917 0.429846 0.012026 0.024618
0 0.803539 0.681176 0.015906 0.036182
0 0.219945 0.322571 0.015289 0.032621
0 0.514511 0.782540 0.011967 0.025427
0 0.702018 0.177845 0.017997 0.038729