0 0.325463 0.752254 0.011664 0.019963
0 0.479640 0.937549 0.008448 0.016326
0 0.377598 0.615659 0.013179 0.024866
0 0.212050 0.245146 0.008826 0.012926
0 0.042003 0.921714 0.009091 0.018634
0 0.284993 0.567305 0.011989 0.015838
0 0.129888 0.015927 0.012719 0.011828
0 0.944636 0.563342 0.007982 0.015252
0 0.279108 0.623671 0.013466 0.013726
0 0.163110 0.908438 0.007727 0.014444
0 0.366014 0.813111 0.008954 0.019523
0 0.252083 0.182781 0.011687 0.023025
0 0.638337 0.177187 0.010497 0.016384
0 0.047271 0.188178 0.011045 0.016298
0 0.241336 0.484092 0.014272 0.013998
0 0.233701 0.130877 0.009163 0.016919
0 0.465610 0.916201 0.009889 0.019290
0 0.291239 0.167391 0.011754 0.015360
0 0.367504 0.863529 0.011736 0.014280
0 0.520126 0.086912 0.006581 0.022301
0 0.350048 0.326092 0.011476 0.019016
0 0.106583 0.329674 0.012311 0.013443
0 0.892498 0.582501 0.012543 0.023381
0 0.271671 0.833911 0.014401 0.012749
0 0.544526 0.158317 0.008115 0.015160
0 0.238669 0.699183 0.014359 0.011941
0 0.246022 0.555924 0.018267 0.013596
0 0.337414 0.838776 0.010656 0.015601
0 0.489101 0.846082 0.009860 0.013363
0 0.313026 0.832532 0.013157 0.015770
0 0.458390 0.009080 0.011513 0.018156
0 0.373978 0.660354 0.024870 0.017264
0 0.357060 0.165167 0.010407 0.021373
0 0.246396 0.681064 0.015547 0.025208
0 0.258533 0.091913 0.011668 0.014236
0 0.074943 0.178013 0.010224 0.018515
0 0.054639 0.056297 0.014101 0.013576
0 0.394037 0.627159 0.013027 0.024171
0 0.075538 0.066975 0.012915 0.018848
0 0.181999 0.898376 0.016114 0.015601
0 0.297297 0.397631 0.013217 0.019516
0 0.436618 0.386177 0.011105 0.020212
0 0.127835 0.255060 0.013148 0.014788
0 0.229041 0.413147 0.020471 0.018348
0 0.263643 0.930048 0.009975 0.019710
0 0.322068 0.155662 0.009965 0.019756
0 0.146248 0.079197 0.020234 0.024951
0 0.357785 0.118010 0.016323 0.033672
0 0.446968 0.686601 0.013421 0.014589
0 0.889237 0.137302 0.016761 0.032382
0 0.167650 0.343629 0.031011 0.024314
0 0.771387 0.542749 0.010713 0.027166