0 0.352916 0.723111 0.023691 0.029210
0 0.847213 0.680292 0.030246 0.040918
0 0.953365 0.361253 0.023637 0.033258
0 0.363774 0.446659 0.018790 0.027649
0 0.245420 0.427933 0.018983 0.035403
0 0.579777 0.295895 0.019739 0.028176
0 0.936474 0.590891 0.020219 0.020465
0 0.632355 0.683422 0.019618 0.034342
0 0.661327 0.348270 0.017624 0.030631
0 0.293385 0.419674 0.019873 0.030229
0 0.341006 0.450633 0.016361 0.029857
0 0.611530 0.817228 0.019356 0.030769
0 0.907483 0.534525 0.018233 0.032090
0 0.941442 0.135175 0.021657 0.026129
0 0.574377 0.128434 0.022131 0.034636
0 0.174094 0.661895 0.020639 0.031395
0 0.770604 0.645288 0.020706 0.040045
0 0.030540 0.590463 0.026521 0.060276
0 0.993612 0.077350 0.011410 0.025677
0 0.470682 0.399255 0.017637 0.025023
0 0.205773 0.907883 0.037474 0.066209
0 0.609367 0.030058 0.030118 0.040590
0 0.961348 0.016605 0.025266 0.032797
0 0.583005 0.921219 0.015442 0.024847
0 0.863176 0.164483 0.023200 0.025446
0 0.844621 0.651458 0.035825 0.039093
0 0.585100 0.526279 0.019644 0.029858
0 0.427189 0.538245 0.017550 0.021650
0 0.462702 0.159184 0.019202 0.025703
0 0.904668 0.024632 0.027332 0.049264
0 0.805708 0.036410 0.054069 0.071085
0 0.376888 0.239985 0.035095 0.043619
0 0.939591 0.036132 0.024469 0.029604
0 0.639629 0.576720 0.018698 0.027959
0 0.450999 0.629688 0.021247 0.028083
0 0.927172 0.541229 0.019470 0.027021
0 0.036111 0.018986 0.027264 0.037971
0 0.462973 0.603888 0.022740 0.027581
0 0.080186 0.585485 0.041718 0.062764
0 0.301076 0.852628 0.021531 0.038245
0 0.922382 0.494963 0.020686 0.031457
0 0.957235 0.301465 0.032869 0.052508
0 0.957140 0.531012 0.024357 0.028897
0 0.982444 0.915615 0.033763 0.056937
0 0.738003 0.033981 0.033998 0.039888
0 0.840151 0.503001 0.031365 0.045538
0 0.539044 0.684267 0.021738 0.027900
0 0.238467 0.293426 0.026150 0.035918
0 0.249783 0.793830 0.035279 0.047316
0 0.173576 0.185468 0.027682 0.051372
0 0.549375 0.642677 0.027211 0.031372
0 0.742441 0.489930 0.030911 0.047844