0 0.711350 0.384034 0.014627 0.035023
0 0.740305 0.360794 0.009524 0.023141
0 0.578766 0.486914 0.009034 0.019608
0 0.622407 0.494000 0.012649 0.030410
0 0.887949 0.467068 0.010385 0.024896
0 0.637785 0.032896 0.015724 0.025268
0 0.338126 0.733386 0.011689 0.019437
0 0.259246 0.632108 0.009858 0.021560
0 0.349510 0.526678 0.009524 0.024224
0 0.388274 0.631529 0.010354 0.021966
0 0.491093 0.527188 0.010334 0.025358
0 0.302761 0.697873 0.023058 0.043650
0 0.804812 0.294718 0.014206 0.033164
0 0.442900 0.745358 0.024295 0.039406
0 0.411550 0.063283 0.024143 0.056691
0 0.536623 0.535343 0.010002 0.025024
0 0.421269 0.522901 0.011556 0.025788
0 0.568083 0.508441 0.012843 0.026310