0 0.275405 0.812561 0.011865 0.022204
0 0.422659 0.988440 0.019699 0.019727
0 0.491782 0.926374 0.014857 0.024375
0 0.057727 0.845716 0.018438 0.042909
0 0.078578 0.977405 0.033418 0.041909
0 0.225696 0.893297 0.023208 0.040002
0 0.070004 0.805845 0.016063 0.035284
0 0.056332 0.850197 0.022151 0.051305
0 0.143022 0.793691 0.024852 0.052450
0 0.180128 0.925507 0.021831 0.050768
0 0.143645 0.962650 0.023973 0.043219
0 0.193545 0.829425 0.014505 0.028095
0 0.123566 0.596622 0.020058 0.036761
0 0.350602 0.863483 0.017122 0.030197
0 0.614365 0.677908 0.015574 0.023698
0 0.498083 0.818453 0.017440 0.036938
0 0.066605 0.481329 0.021514 0.032671
0 0.369214 0.831529 0.023760 0.049072
0 0.310139 0.671182 0.022246 0.035702
0 0.174894 0.748749 0.030920 0.044864
0 0.416552 0.767413 0.024791 0.045642
0 0.343290 0.789549 0.021790 0.043963