0 0.605649 0.743133 0.014567 0.029193
0 0.698156 0.687608 0.013872 0.028203
0 0.358144 0.199027 0.016109 0.033238
0 0.857866 0.958386 0.014082 0.025031
0 0.546472 0.855315 0.017767 0.036684
0 0.963367 0.976969 0.014071 0.031727
0 0.750693 0.914481 0.023456 0.027136
0 0.786778 0.925275 0.023823 0.035507
0 0.417370 0.483888 0.016825 0.030968
0 0.346025 0.507420 0.015260 0.030434
0 0.412728 0.704049 0.031889 0.059794
0 0.397755 0.295686 0.020630 0.045144
0 0.406232 0.515029 0.021569 0.046391
0 0.462835 0.509347 0.019249 0.036751
0 0.441171 0.254283 0.015825 0.039441