0 0.038113 0.475459 0.015362 0.021834
0 0.623573 0.203531 0.007970 0.012431
0 0.964781 0.764420 0.007800 0.013244
0 0.629480 0.165709 0.007712 0.011704
0 0.406630 0.400158 0.006909 0.010747
0 0.561840 0.045390 0.005922 0.013965
0 0.742906 0.762867 0.007437 0.014499
0 0.740245 0.057541 0.010318 0.015844
0 0.840525 0.782990 0.009187 0.016296
0 0.349770 0.448106 0.007622 0.012689
0 0.710000 0.080594 0.008577 0.013011
0 0.516385 0.201295 0.008163 0.013962
0 0.408050 0.555182 0.007444 0.011845
0 0.368471 0.104348 0.008387 0.016194
0 0.394106 0.319071 0.009771 0.014712
0 0.358231 0.476062 0.009380 0.017566