0 0.958083 0.109901 0.017279 0.037900
0 0.850294 0.581575 0.011341 0.023534
0 0.837041 0.471669 0.011603 0.025794
0 0.740910 0.658775 0.013895 0.027879
0 0.956979 0.853782 0.014176 0.028809
0 0.554867 0.781371 0.014015 0.034858
0 0.868178 0.436063 0.017694 0.040553
0 0.829355 0.590532 0.012495 0.024397
0 0.879268 0.248139 0.013008 0.028422
0 0.660849 0.679660 0.013635 0.027653
0 0.615578 0.637153 0.013589 0.028331
0 0.953026 0.978041 0.014387 0.030955
0 0.483451 0.815921 0.013276 0.028768
0 0.373841 0.517515 0.019186 0.029517
0 0.900963 0.621573 0.014352 0.028293
0 0.319282 0.343149 0.016011 0.027613
0 0.944343 0.473039 0.015479 0.032137
0 0.981156 0.528297 0.013852 0.029563
0 0.091783 0.675789 0.016761 0.035320
0 0.271344 0.503395 0.021846 0.025065
0 0.356665 0.684070 0.016241 0.035126
0 0.854364 0.904186 0.022178 0.044888
0 0.317834 0.507543 0.024156 0.037982
0 0.472383 0.617715 0.018374 0.040747