0 0.042793 0.517324 0.024041 0.035703
0 0.081684 0.383283 0.027562 0.032068
0 0.037730 0.214671 0.025898 0.029352
0 0.053043 0.439851 0.012911 0.032321
0 0.112784 0.658891 0.015286 0.022506
0 0.057468 0.506938 0.024955 0.024996
0 0.109245 0.756581 0.016243 0.022844
0 0.009247 0.862086 0.015296 0.033457
0 0.097613 0.505157 0.026027 0.031801
0 0.081743 0.509120 0.013279 0.028649
0 0.056863 0.811107 0.011680 0.022392
0 0.020494 0.213730 0.012386 0.023904
0 0.143298 0.766933 0.016680 0.029700
0 0.157745 0.866549 0.039335 0.036152
0 0.065460 0.582030 0.022819 0.027680
0 0.063558 0.485646 0.025785 0.025777
0 0.066621 0.556271 0.039315 0.041601
0 0.342940 0.674833 0.019477 0.032281
0 0.042651 0.837851 0.014892 0.019922
0 0.082117 0.922760 0.020782 0.021670
0 0.058017 0.918379 0.015634 0.020321
0 0.038115 0.581587 0.020312 0.024902
0 0.011225 0.488845 0.022399 0.030890
0 0.052258 0.359399 0.027161 0.030777
0 0.053607 0.869096 0.023675 0.025149
0 0.061534 0.785268 0.020407 0.022264
0 0.430365 0.473648 0.013447 0.034427
0 0.478196 0.423199 0.016790 0.035165