0 0.212670 0.195919 0.026427 0.039825
0 0.125946 0.061752 0.025616 0.040492
0 0.795754 0.617530 0.042192 0.060184
0 0.406453 0.894800 0.036859 0.061816
0 0.211560 0.778519 0.046391 0.059803
0 0.570657 0.424958 0.028662 0.065704
0 0.087612 0.874306 0.020767 0.046344
0 0.019053 0.276836 0.036649 0.059072
0 0.566931 0.198432 0.049554 0.089863
0 0.013240 0.369734 0.026382 0.087742
0 0.359651 0.729541 0.044063 0.072630
0 0.305378 0.743422 0.038186 0.054671
0 0.299980 0.236543 0.025085 0.059806
0 0.257320 0.217025 0.025034 0.065081
0 0.782210 0.798164 0.035643 0.062082
0 0.611260 0.107575 0.041403 0.061404
0 0.135752 0.109449 0.023906 0.054332
0 0.168184 0.730116 0.031330 0.069719
0 0.068979 0.306710 0.026740 0.072219
0 0.352637 0.408822 0.051089 0.075309
0 0.301577 0.311631 0.037892 0.056778
0 0.210961 0.308006 0.024914 0.059852
0 0.066910 0.755033 0.040578 0.061159
0 0.254939 0.052953 0.039404 0.069627
0 0.252234 0.445919 0.022224 0.053599
0 0.884644 0.142524 0.089274 0.173840
0 0.154991 0.390273 0.043254 0.079767
0 0.096663 0.460501 0.039970 0.071078
0 0.488904 0.204623 0.046413 0.081514