0 0.136261 0.594694 0.011007 0.024699
0 0.867910 0.176304 0.010557 0.019554
0 0.085638 0.012986 0.010864 0.020436
0 0.720937 0.737200 0.010552 0.017765
0 0.371669 0.230861 0.012024 0.020958
0 0.738317 0.514579 0.010585 0.019438
0 0.150586 0.707857 0.011001 0.030217
0 0.340328 0.046144 0.012142 0.031726
0 0.388030 0.578595 0.013092 0.017831
0 0.347147 0.666708 0.014151 0.027783
0 0.056505 0.046052 0.012088 0.021580
0 0.074048 0.159870 0.009641 0.018019
0 0.339887 0.107812 0.014492 0.027384
0 0.329291 0.325287 0.010364 0.017977
0 0.296668 0.903144 0.014912 0.022448
0 0.270291 0.925061 0.013839 0.018031
0 0.187870 0.456391 0.011048 0.019799
0 0.355127 0.440755 0.018113 0.021650
0 0.155141 0.187823 0.011096 0.023620
0 0.078520 0.230510 0.011226 0.021573
0 0.062852 0.960861 0.012857 0.024576
0 0.284846 0.057351 0.012294 0.027537
0 0.203122 0.556357 0.014188 0.025001
0 0.922102 0.087563 0.010723 0.035203
0 0.295592 0.786680 0.015014 0.025071
0 0.234071 0.307879 0.010948 0.022054
0 0.080361 0.825293 0.012618 0.024326
0 0.834456 0.091887 0.020836 0.034461
0 0.025293 0.568579 0.010176 0.019099
0 0.184765 0.086243 0.010319 0.020705
0 0.396407 0.667159 0.013691 0.029053
0 0.214255 0.937535 0.017750 0.025797
0 0.507431 0.569037 0.013470 0.027924
0 0.125480 0.231337 0.012224 0.021875
0 0.218482 0.095558 0.012874 0.025378
0 0.010715 0.320780 0.012620 0.024939
0 0.282329 0.888060 0.022984 0.037027
0 0.123990 0.291432 0.011239 0.022800
0 0.299044 0.093576 0.014060 0.032361
0 0.790485 0.673260 0.017025 0.038190
0 0.223792 0.427483 0.021188 0.037712
0 0.019377 0.399338 0.015956 0.033184
0 0.188340 0.389735 0.022188 0.032833
0 0.896610 0.455197 0.017556 0.030731
0 0.130068 0.424827 0.016890 0.032028