0 0.016425 0.905941 0.027556 0.042384
0 0.042099 0.122891 0.019556 0.036304
0 0.532704 0.552748 0.010983 0.021317
0 0.015644 0.796942 0.015611 0.028044
0 0.107641 0.315653 0.006887 0.014273
0 0.569985 0.112750 0.007283 0.014194
0 0.178461 0.268442 0.008095 0.017176
0 0.034862 0.391706 0.007001 0.012381
0 0.120148 0.287136 0.011800 0.018948
0 0.719221 0.139197 0.023339 0.052039
0 0.468081 0.503519 0.012639 0.028952
0 0.360832 0.324188 0.021913 0.037145
0 0.604958 0.152538 0.010183 0.016366
0 0.619581 0.089390 0.008102 0.015443
0 0.561557 0.061846 0.008559 0.017691
0 0.417985 0.599728 0.009400 0.019905
0 0.060124 0.326084 0.008744 0.011542
0 0.433649 0.063229 0.012357 0.016629
0 0.170953 0.196121 0.015853 0.023593
0 0.176842 0.120248 0.009915 0.023355
0 0.038930 0.677328 0.007629 0.015272
0 0.438643 0.263625 0.018972 0.037679
0 0.605774 0.216216 0.011117 0.020048
0 0.196326 0.416704 0.011461 0.018201
0 0.405672 0.260990 0.017990 0.048657
0 0.407715 0.591168 0.013911 0.025119
0 0.165327 0.668880 0.009013 0.019479
0 0.079319 0.547948 0.011288 0.023595
0 0.041788 0.730165 0.009086 0.019385
0 0.114952 0.534296 0.008940 0.020732
0 0.283431 0.440771 0.017092 0.030474
0 0.072621 0.399807 0.009283 0.018040
0 0.043630 0.466704 0.009956 0.020908
0 0.141274 0.635306 0.018166 0.038958