0 0.417843 0.307640 0.012910 0.029033
0 0.494754 0.553190 0.020610 0.033120
0 0.177598 0.223004 0.019783 0.025446
0 0.755605 0.384077 0.013786 0.018201
0 0.018534 0.986433 0.020670 0.024179
0 0.256784 0.097452 0.012246 0.024304
0 0.208086 0.381163 0.011304 0.020344
0 0.871607 0.668606 0.011452 0.020904
0 0.453036 0.036593 0.014324 0.027161
0 0.277203 0.120545 0.012401 0.020204
0 0.592249 0.455275 0.009872 0.018331
0 0.150956 0.862754 0.013367 0.036329
0 0.817849 0.055057 0.015182 0.021405
0 0.411687 0.398475 0.012896 0.023061
0 0.563574 0.776858 0.010745 0.017255
0 0.108827 0.852049 0.011569 0.022408
0 0.685141 0.759789 0.014040 0.026797
0 0.386482 0.733898 0.011713 0.022810
0 0.489146 0.210391 0.040121 0.053546
0 0.217755 0.720635 0.010416 0.019867
0 0.136089 0.803028 0.010346 0.021098
0 0.470863 0.632944 0.009540 0.018767
0 0.432153 0.097631 0.018268 0.025590
0 0.210681 0.210994 0.036699 0.038318
0 0.574867 0.744692 0.012635 0.019772
0 0.117109 0.691741 0.011193 0.023259
0 0.061529 0.964947 0.010861 0.016973
0 0.719564 0.420849 0.012776 0.023383
0 0.535499 0.370101 0.014139 0.025091
0 0.262432 0.792341 0.009711 0.020382
0 0.275213 0.176259 0.013685 0.025199
0 0.218860 0.530671 0.012147 0.027388
0 0.486762 0.525864 0.026169 0.026340
0 0.299792 0.882813 0.012066 0.017374
0 0.529643 0.573807 0.018629 0.030633
0 0.441977 0.706372 0.011375 0.023619
0 0.177851 0.331165 0.023886 0.045990
0 0.010354 0.647753 0.020708 0.043965
0 0.163906 0.266921 0.028736 0.048993
0 0.233745 0.886602 0.011752 0.021916
0 0.089129 0.940386 0.013895 0.024808
0 0.156991 0.912675 0.014666 0.020277
0 0.066198 0.905933 0.013183 0.025429
0 0.240647 0.914053 0.011971 0.019700
0 0.497624 0.573383 0.026284 0.039333
0 0.536419 0.870747 0.016638 0.029513
0 0.147003 0.941301 0.015787 0.023734
0 0.206001 0.894397 0.011899 0.019724
0 0.124783 0.869590 0.015108 0.028470
0 0.104050 0.490035 0.018691 0.034111
0 0.133193 0.684976 0.016874 0.032964
0 0.357575 0.273268 0.034491 0.066695
0 0.560038 0.659689 0.015307 0.029121
0 0.481087 0.803758 0.013521 0.019332
0 0.071374 0.600230 0.017458 0.032184
0 0.313966 0.288579 0.022584 0.039336
0 0.219804 0.680409 0.015897 0.029700
0 0.372248 0.449053 0.018132 0.033278
0 0.188013 0.563199 0.040041 0.051822
0 0.356499 0.907613 0.018307 0.029085