0 0.311802 0.576343 0.012022 0.025986
0 0.004614 0.127596 0.009227 0.032189
0 0.046889 0.260770 0.020972 0.041290
0 0.297453 0.085027 0.014032 0.028112
0 0.374090 0.267462 0.012737 0.027047
0 0.151140 0.060212 0.016904 0.029475
0 0.166041 0.134537 0.014602 0.027253
0 0.101276 0.248911 0.012156 0.025738
0 0.485406 0.577488 0.025545 0.036598
0 0.175266 0.520954 0.018256 0.035198
0 0.489195 0.013566 0.014295 0.026302
0 0.413167 0.275119 0.013164 0.028515
0 0.053543 0.107987 0.012251 0.027618
0 0.268369 0.008785 0.021096 0.017432
0 0.500167 0.194965 0.014397 0.030960
0 0.738977 0.219221 0.016558 0.034424
0 0.404621 0.516789 0.013554 0.029506
0 0.569032 0.056390 0.015269 0.029419
0 0.473989 0.214811 0.014367 0.033752
0 0.518045 0.077595 0.015479 0.031327
0 0.621598 0.202438 0.021050 0.034734
0 0.798522 0.073799 0.016261 0.033830
0 0.310949 0.171715 0.016166 0.030188
0 0.966536 0.225802 0.036135 0.075133
0 0.093696 0.471534 0.046726 0.096559
0 0.379524 0.062457 0.018552 0.030910
0 0.204046 0.235841 0.020716 0.039102
0 0.910928 0.433591 0.048136 0.103432