0 0.826972 0.379525 0.008128 0.015590
0 0.712937 0.256788 0.009602 0.019239
0 0.567712 0.439556 0.008950 0.017092
0 0.225404 0.718720 0.008324 0.016699
0 0.693947 0.463462 0.009104 0.017897
0 0.401330 0.316889 0.008382 0.018865
0 0.113572 0.213762 0.007914 0.014815
0 0.436627 0.129108 0.007180 0.015709
0 0.124327 0.181324 0.008838 0.023774
0 0.243940 0.763955 0.012647 0.026183
0 0.840552 0.700673 0.005863 0.014116
0 0.085784 0.047324 0.007366 0.014340
0 0.548215 0.951706 0.007789 0.016644
0 0.662518 0.191092 0.008161 0.015442
0 0.639492 0.238191 0.007755 0.017722
0 0.265333 0.319878 0.007021 0.014888
0 0.939278 0.917715 0.008558 0.017389
0 0.418905 0.983227 0.008432 0.016112
0 0.496381 0.897342 0.010313 0.019924
0 0.208422 0.078669 0.007515 0.014411
0 0.581125 0.215304 0.008832 0.015831
0 0.916842 0.515389 0.009299 0.022540
0 0.045174 0.032561 0.007572 0.015747
0 0.782129 0.666939 0.014498 0.024243
0 0.875277 0.135834 0.006792 0.015406
0 0.242360 0.932528 0.008246 0.021518
0 0.548190 0.203052 0.009813 0.018146
0 0.424390 0.567898 0.007095 0.012944
0 0.495949 0.083761 0.011618 0.019830
0 0.056514 0.683356 0.008113 0.016497
0 0.183471 0.799483 0.007673 0.016297
0 0.726497 0.835481 0.008484 0.017775
0 0.945962 0.763399 0.010863 0.022130
0 0.396351 0.110513 0.008239 0.017717
0 0.017787 0.696920 0.010877 0.021619
0 0.590914 0.893966 0.007542 0.018215
0 0.680118 0.601692 0.014239 0.036031
0 0.789640 0.891744 0.008703 0.016698
0 0.178621 0.337683 0.007790 0.015390
0 0.259289 0.111630 0.008313 0.015638
0 0.646393 0.861576 0.010635 0.021655
0 0.441758 0.806879 0.015010 0.033413
0 0.119303 0.409368 0.010232 0.018080
0 0.346208 0.482600 0.020168 0.033747
0 0.819184 0.828875 0.006758 0.013604
0 0.123080 0.484534 0.010904 0.020433
0 0.108393 0.303492 0.009081 0.016548
0 0.559818 0.538026 0.008252 0.016082
0 0.200200 0.791547 0.008036 0.015240
0 0.024956 0.181302 0.014411 0.022032
0 0.376831 0.199752 0.008103 0.018097
0 0.687803 0.221493 0.010860 0.020669
0 0.746356 0.766052 0.010352 0.017237
0 0.218691 0.798970 0.008715 0.017818
0 0.558326 0.770090 0.009722 0.020134
0 0.896416 0.914968 0.007935 0.017154
0 0.669281 0.078367 0.010471 0.022843
0 0.744841 0.240613 0.008716 0.017875
0 0.725267 0.186770 0.009517 0.018875
0 0.149252 0.160298 0.008149 0.015830
0 0.041524 0.289452 0.007635 0.016994
0 0.266662 0.881243 0.007919 0.016379
0 0.252652 0.250568 0.007415 0.017505
0 0.492630 0.574416 0.008162 0.016377
0 0.627703 0.933538 0.013255 0.025585
0 0.844119 0.154330 0.009121 0.020490
0 0.590351 0.735572 0.008055 0.016167
0 0.476508 0.708932 0.008475 0.017320
0 0.218728 0.343279 0.007481 0.015914
0 0.225057 0.765626 0.009575 0.019503
0 0.507760 0.228184 0.010068 0.020802
0 0.390736 0.025407 0.008794 0.017435
0 0.152750 0.286536 0.007889 0.016899
0 0.192227 0.131299 0.008412 0.017067
0 0.100658 0.247402 0.009196 0.018605
0 0.491975 0.113760 0.010623 0.022171
0 0.747240 0.070344 0.009892 0.020910
0 0.238442 0.289454 0.011229 0.022200
0 0.284644 0.718833 0.011943 0.027857
0 0.549214 0.151722 0.011516 0.025584
0 0.277059 0.254719 0.009897 0.021086
0 0.331208 0.202473 0.010877 0.020844