0 0.616670 0.416435 0.012979 0.034966
0 0.452465 0.234635 0.011572 0.030532
0 0.118635 0.760380 0.011419 0.029094
0 0.219977 0.952038 0.012843 0.039626
0 0.674555 0.411316 0.017751 0.044274
0 0.004722 0.968501 0.009444 0.033846
0 0.396893 0.190931 0.016569 0.043415
0 0.103418 0.769254 0.012315 0.034411
0 0.149294 0.705066 0.011095 0.029587
0 0.682055 0.543032 0.014407 0.038252
0 0.583916 0.411727 0.016006 0.037634
0 0.641774 0.337317 0.017278 0.041699
0 0.850062 0.785631 0.021459 0.064478
0 0.117876 0.604659 0.011241 0.040820
0 0.667999 0.555921 0.019634 0.047191
0 0.299739 0.018313 0.016612 0.034451
0 0.644565 0.631425 0.020769 0.041101
0 0.892954 0.793463 0.025714 0.094645
0 0.640359 0.498334 0.028005 0.059279
0 0.480238 0.595874 0.019309 0.042724