0 0.208196 0.132327 0.009295 0.020066
0 0.659086 0.301582 0.023804 0.039714
0 0.786951 0.179700 0.017485 0.033479
0 0.987402 0.772808 0.011445 0.023904
0 0.810554 0.370661 0.010675 0.024480
0 0.531685 0.845315 0.013390 0.026659
0 0.210264 0.504825 0.008672 0.019196
0 0.250793 0.451675 0.009938 0.018771
0 0.344977 0.504737 0.015087 0.033558
0 0.066260 0.699164 0.017645 0.044577
0 0.190185 0.504299 0.009440 0.019398
0 0.426698 0.255441 0.026980 0.061231
0 0.285852 0.681034 0.010554 0.020512
0 0.321520 0.389697 0.010027 0.020416
0 0.488797 0.687523 0.010417 0.022265
0 0.449176 0.816963 0.010588 0.023969
0 0.552204 0.273849 0.013908 0.026818
0 0.744499 0.064936 0.010014 0.021931
0 0.354182 0.671699 0.010706 0.023518
0 0.643675 0.357632 0.011046 0.023088
0 0.651006 0.442822 0.016029 0.031680
0 0.959048 0.085613 0.016603 0.033075
0 0.601226 0.363630 0.023822 0.032633
0 0.364681 0.715614 0.011651 0.023507
0 0.255971 0.525125 0.011494 0.022486
0 0.768085 0.325443 0.012247 0.026636
0 0.671718 0.209324 0.011338 0.024468
0 0.039932 0.794265 0.011142 0.025962
0 0.205330 0.782171 0.012663 0.023263
0 0.475579 0.589275 0.016695 0.031052
0 0.404816 0.867500 0.014016 0.029287
0 0.906863 0.916170 0.020605 0.043293
0 0.070824 0.254238 0.011251 0.022293
0 0.260629 0.593989 0.015497 0.032381
0 0.124514 0.330559 0.010882 0.022753
0 0.434398 0.433447 0.053010 0.115214
0 0.065132 0.444650 0.014720 0.030289
0 0.045905 0.539538 0.019557 0.037745
0 0.234004 0.491068 0.026777 0.055539
0 0.070865 0.525620 0.017389 0.035236
0 0.160404 0.697510 0.015681 0.021164
0 0.107110 0.260279 0.015205 0.030806