0 0.664342 0.445997 0.015113 0.044752
0 0.488345 0.562450 0.019176 0.039884
0 0.326761 0.236789 0.011398 0.017289
0 0.364740 0.575646 0.012917 0.028298
0 0.198004 0.866777 0.013505 0.025278
0 0.600994 0.444604 0.015041 0.026602
0 0.536086 0.062600 0.011894 0.022544
0 0.659026 0.281754 0.021568 0.037238
0 0.717506 0.169666 0.012294 0.023090
0 0.307419 0.511314 0.016609 0.029329
0 0.283573 0.258972 0.009354 0.017079
0 0.683555 0.515481 0.017735 0.037438
0 0.559357 0.140654 0.010578 0.025091
0 0.269230 0.735056 0.014119 0.028044
0 0.331782 0.530251 0.011838 0.022267
0 0.264480 0.411297 0.014308 0.024908
0 0.294262 0.978308 0.015709 0.031066
0 0.303874 0.857317 0.013430 0.030964
0 0.058824 0.985853 0.021980 0.028020
0 0.843436 0.699028 0.016476 0.034579
0 0.412844 0.372347 0.010520 0.028341
0 0.206069 0.489788 0.015962 0.033933
0 0.057826 0.844914 0.014096 0.028525
0 0.841095 0.031707 0.017103 0.035632
0 0.807509 0.198187 0.016855 0.031305
0 0.734059 0.033023 0.019989 0.036520
0 0.396859 0.670457 0.020621 0.048779
0 0.400211 0.491787 0.014455 0.035079
0 0.658848 0.528929 0.025106 0.037634
0 0.631095 0.627948 0.029937 0.066968
0 0.366838 0.636403 0.014330 0.027443
0 0.536972 0.580873 0.016328 0.029767
0 0.212889 0.594400 0.015930 0.025468
0 0.200489 0.699958 0.016352 0.028387
0 0.545728 0.856239 0.016214 0.027757
0 0.118066 0.652174 0.021027 0.047715
0 0.439037 0.616250 0.016173 0.027554
0 0.418371 0.721449 0.016584 0.027259
0 0.221344 0.948283 0.016061 0.035517
0 0.458343 0.548116 0.023802 0.044434
0 0.174307 0.671648 0.019890 0.045162