0 0.087383 0.351912 0.018392 0.036737
0 0.150817 0.545845 0.013360 0.027314
0 0.509202 0.164077 0.013197 0.031478
0 0.146675 0.483067 0.013899 0.031680
0 0.496522 0.060986 0.013928 0.028082
0 0.901789 0.820616 0.010685 0.029926
0 0.121072 0.514974 0.017613 0.021584
0 0.482826 0.109185 0.012997 0.033942
0 0.314019 0.538789 0.012097 0.030240
0 0.480202 0.595831 0.017598 0.045436
0 0.218433 0.588676 0.013453 0.029291
0 0.038968 0.491661 0.021452 0.047024
0 0.154812 0.975922 0.015761 0.035394
0 0.019660 0.585377 0.029068 0.065883
0 0.198515 0.535522 0.016499 0.024691
0 0.153074 0.742038 0.014365 0.036560
0 0.290909 0.670913 0.016771 0.034675
0 0.965629 0.467442 0.016070 0.036416
0 0.887703 0.807939 0.013576 0.042234
0 0.308719 0.610518 0.018678 0.036660