0 0.028331 0.635725 0.010475 0.025836
0 0.246515 0.711591 0.011977 0.026324
0 0.304980 0.736077 0.010492 0.020256
0 0.285746 0.347985 0.009037 0.018810
0 0.298319 0.271483 0.009413 0.020327
0 0.287124 0.501843 0.010835 0.019286
0 0.224114 0.051291 0.017870 0.034065
0 0.282612 0.033989 0.011058 0.021761
0 0.383949 0.438143 0.011090 0.021224
0 0.384913 0.315726 0.011099 0.020763
0 0.498175 0.031862 0.010066 0.021449
0 0.595466 0.151500 0.013015 0.021484
0 0.191726 0.020172 0.023729 0.040088
0 0.394111 0.508248 0.011578 0.026098
0 0.437345 0.329655 0.011993 0.023025
0 0.353269 0.214995 0.011201 0.020587
0 0.367749 0.294974 0.009674 0.019289
0 0.523354 0.269041 0.013004 0.024300
0 0.023076 0.382081 0.016596 0.030359
0 0.308569 0.479219 0.010598 0.020826
0 0.294309 0.492174 0.010232 0.021309
0 0.479874 0.641309 0.011382 0.024886
0 0.538421 0.059751 0.010189 0.022314
0 0.404571 0.448994 0.008684 0.019946
0 0.197011 0.853298 0.010318 0.019505
0 0.375974 0.269000 0.012546 0.021649
0 0.184438 0.216579 0.017893 0.035140
0 0.453226 0.198750 0.010499 0.017747
0 0.398635 0.162296 0.011109 0.020221
0 0.923954 0.044563 0.018638 0.040627
0 0.204360 0.837175 0.011447 0.022194
0 0.045761 0.338295 0.017825 0.035870
0 0.218914 0.673822 0.011277 0.021911
0 0.762001 0.217836 0.011735 0.027364
0 0.416561 0.169593 0.011265 0.024769
0 0.403314 0.242645 0.011950 0.022913
0 0.512175 0.140500 0.011471 0.021112
0 0.410061 0.032027 0.012155 0.023010
0 0.188761 0.699452 0.014019 0.024063
0 0.475668 0.137339 0.011616 0.022942
0 0.189709 0.261722 0.013286 0.026881
0 0.151636 0.678824 0.011955 0.022230
0 0.204007 0.156278 0.015554 0.028929
0 0.343752 0.079277 0.014975 0.026862