0 0.463640 0.760904 0.010756 0.020100
0 0.231274 0.828918 0.010299 0.023879
0 0.719641 0.698253 0.011125 0.026172
0 0.166732 0.748421 0.009595 0.019855
0 0.654587 0.872773 0.012114 0.020924
0 0.062821 0.518431 0.009008 0.017587
0 0.277938 0.663161 0.010365 0.020295
0 0.097453 0.923634 0.011033 0.021466
0 0.231593 0.706421 0.011501 0.020962
0 0.201748 0.717068 0.014688 0.026517
0 0.293829 0.732202 0.010023 0.020515
0 0.486695 0.786818 0.013132 0.026560
0 0.054586 0.489622 0.009978 0.020334
0 0.109737 0.530102 0.009717 0.019771
0 0.102509 0.843491 0.012322 0.025950
0 0.022782 0.536734 0.013968 0.025836
0 0.009800 0.525581 0.010045 0.020203
0 0.160412 0.619344 0.014596 0.029738
0 0.145250 0.551423 0.009937 0.020388
0 0.872366 0.521392 0.013406 0.020454
0 0.601796 0.477412 0.030351 0.066726
0 0.930804 0.847765 0.018296 0.027910
0 0.087139 0.621259 0.014829 0.030110
0 0.022702 0.718942 0.008806 0.020681
0 0.021146 0.583630 0.008336 0.019828
0 0.067270 0.619919 0.009213 0.018913
0 0.063296 0.826718 0.010808 0.023259
0 0.097920 0.755812 0.009099 0.021129
0 0.112514 0.753630 0.009530 0.022481
0 0.210515 0.749047 0.013316 0.024148
0 0.214066 0.905336 0.012507 0.022619