0 0.726572 0.800396 0.014178 0.028018
0 0.783100 0.393378 0.016406 0.031749
0 0.680398 0.693298 0.010301 0.019321
0 0.079978 0.282552 0.009283 0.018293
0 0.132938 0.301021 0.008973 0.018429
0 0.386733 0.504093 0.007764 0.017456
0 0.034249 0.204651 0.007517 0.016763
0 0.252206 0.214694 0.022100 0.041654
0 0.206520 0.324071 0.008389 0.020538
0 0.166994 0.220330 0.011221 0.024731
0 0.499091 0.487787 0.011755 0.018570
0 0.246705 0.314949 0.009088 0.017632
0 0.677468 0.341761 0.024041 0.050079
0 0.124731 0.249633 0.010643 0.019993
0 0.257474 0.396757 0.009114 0.018096
0 0.587559 0.435906 0.016426 0.025152
0 0.090277 0.339840 0.017375 0.031935
0 0.611499 0.591925 0.013685 0.029672
0 0.693818 0.826546 0.010648 0.021265
0 0.261006 0.356152 0.009928 0.018903
0 0.526067 0.789786 0.010322 0.020845
0 0.518919 0.476745 0.011332 0.017699
0 0.622668 0.858388 0.022347 0.033224
0 0.880905 0.526669 0.020926 0.043526
0 0.044445 0.305163 0.010752 0.020618
0 0.201800 0.535163 0.010216 0.019651
0 0.554713 0.512818 0.011390 0.022433
0 0.727767 0.856712 0.012684 0.026828
0 0.052533 0.614927 0.010742 0.025453
0 0.575663 0.535448 0.012981 0.021771
0 0.567111 0.557838 0.012203 0.021568
0 0.115511 0.388453 0.014046 0.023781
0 0.470151 0.548468 0.012495 0.021960
0 0.521728 0.577513 0.012573 0.023382
0 0.403214 0.482116 0.010848 0.018163
0 0.342589 0.538404 0.012084 0.019538
0 0.445866 0.447169 0.011990 0.019203
0 0.167256 0.326266 0.014411 0.022021
0 0.013197 0.601456 0.011109 0.024798
0 0.268573 0.622006 0.011296 0.020927
0 0.427359 0.468550 0.011968 0.019322
0 0.323053 0.456821 0.015342 0.024177
0 0.345998 0.456620 0.011035 0.020465