0 0.051508 0.835466 0.010994 0.013105
0 0.104176 0.571397 0.009616 0.019081
0 0.556360 0.868727 0.008610 0.018040
0 0.365842 0.587603 0.009513 0.020883
0 0.570084 0.472774 0.013766 0.014699
0 0.488872 0.798785 0.010464 0.022089
0 0.303724 0.607979 0.016001 0.019868
0 0.819016 0.081412 0.009863 0.023416
0 0.991439 0.386764 0.011388 0.020417
0 0.728441 0.218660 0.010390 0.019699
0 0.600756 0.507447 0.010314 0.018414
0 0.660687 0.422885 0.010817 0.015640
0 0.194947 0.791839 0.015972 0.019063
0 0.267456 0.762544 0.024175 0.022478
0 0.020890 0.743611 0.011732 0.022730
0 0.426768 0.733089 0.010809 0.022159
0 0.307611 0.520808 0.009340 0.028001
0 0.505521 0.864767 0.011056 0.021846
0 0.301982 0.834651 0.013890 0.027257
0 0.951577 0.441876 0.010961 0.020439
0 0.722948 0.837788 0.013186 0.025805
0 0.391073 0.784878 0.040304 0.048328
0 0.957587 0.047641 0.017057 0.035025
0 0.121143 0.857479 0.015431 0.017161
0 0.367196 0.502380 0.037709 0.036578
0 0.486894 0.607654 0.016526 0.018812
0 0.949310 0.518197 0.021448 0.042905
0 0.033360 0.275240 0.038747 0.075920