0 0.358740 0.011623 0.015102 0.023246
0 0.106466 0.404637 0.020325 0.029339
0 0.548227 0.647820 0.017495 0.033672
0 0.628284 0.427393 0.017599 0.030321
0 0.789727 0.946298 0.019943 0.028267
0 0.193219 0.584829 0.014470 0.032462
0 0.969427 0.147587 0.017146 0.032013
0 0.743424 0.302820 0.017789 0.034579
0 0.229749 0.630073 0.015646 0.036251
0 0.216340 0.810129 0.017764 0.028905
0 0.102151 0.259019 0.012752 0.026936
0 0.959720 0.492493 0.027160 0.056998
0 0.139421 0.007254 0.015328 0.014327
0 0.216342 0.143720 0.017327 0.038946
0 0.423394 0.543110 0.016997 0.030710
0 0.246432 0.122488 0.016127 0.031328
0 0.322027 0.078836 0.016653 0.027863
0 0.954598 0.544630 0.024851 0.033862
0 0.315648 0.488268 0.018549 0.029074
0 0.625636 0.550421 0.022602 0.036489
0 0.247120 0.242247 0.014790 0.030221
0 0.548314 0.568344 0.020457 0.033723
0 0.196450 0.017090 0.016810 0.033360
0 0.157776 0.850798 0.017463 0.030049
0 0.161511 0.455199 0.015730 0.027037
0 0.157417 0.328439 0.014897 0.028376
0 0.332123 0.704498 0.024172 0.030550
0 0.509321 0.545396 0.018611 0.027446
0 0.585344 0.611294 0.018718 0.036767
0 0.049997 0.372571 0.026467 0.033394
0 0.834135 0.473604 0.020627 0.039005
0 0.236483 0.541066 0.017094 0.033303
0 0.052828 0.155109 0.016333 0.030347
0 0.014744 0.579912 0.015667 0.032778
0 0.365930 0.430579 0.018016 0.038249
0 0.218490 0.372806 0.016201 0.030209
0 0.375651 0.729227 0.023875 0.043032
0 0.347743 0.468821 0.018675 0.041769
0 0.107646 0.052400 0.016156 0.032120
0 0.158760 0.223217 0.023012 0.044803
0 0.615045 0.293850 0.020131 0.037725
0 0.899474 0.082602 0.017223 0.036246
0 0.163418 0.090497 0.019225 0.032895
0 0.717689 0.572774 0.028175 0.049897
0 0.039033 0.601542 0.022287 0.036267
0 0.078422 0.094267 0.020089 0.040267
0 0.665406 0.064245 0.027092 0.035883
0 0.333996 0.123158 0.022459 0.048528
0 0.029510 0.161574 0.017262 0.038224
0 0.171618 0.029078 0.026753 0.052030