0 0.817603 0.009623 0.025106 0.019246
0 0.672640 0.223198 0.049775 0.105853
0 0.099583 0.857161 0.016309 0.045148
0 0.008012 0.653924 0.015945 0.043779
0 0.012158 0.891210 0.024317 0.055649
0 0.487828 0.593248 0.025591 0.063812
0 0.969032 0.040647 0.028536 0.059876
0 0.615624 0.032218 0.022053 0.054839
0 0.216084 0.224778 0.046188 0.102030
0 0.100955 0.186610 0.045362 0.104051
0 0.298445 0.069570 0.037483 0.060165
0 0.982341 0.594630 0.032641 0.062051
0 0.762616 0.112642 0.035792 0.061049
0 0.271184 0.280062 0.035173 0.062965
0 0.271642 0.610310 0.038522 0.063833
0 0.615856 0.154085 0.030755 0.062074
0 0.317144 0.776280 0.036571 0.082870
0 0.720457 0.322935 0.037952 0.065733