0 0.695509 0.119550 0.009407 0.018945
0 0.977840 0.416619 0.012129 0.025908
0 0.567561 0.621622 0.019780 0.039163
0 0.613495 0.246558 0.010791 0.024156
0 0.893837 0.530114 0.017291 0.027539
0 0.478441 0.473971 0.018531 0.030562
0 0.774698 0.205475 0.014934 0.036688
0 0.742693 0.711015 0.024018 0.059080
0 0.429302 0.715233 0.017474 0.032674
0 0.967020 0.260782 0.010282 0.019361
0 0.833341 0.595891 0.015271 0.026407
0 0.070830 0.285138 0.012061 0.023534
0 0.116873 0.420425 0.019063 0.038975
0 0.734796 0.624559 0.014908 0.028910
0 0.465171 0.264333 0.021062 0.047421
0 0.400644 0.703645 0.016965 0.032182
0 0.934952 0.347818 0.015967 0.026765
0 0.485374 0.765460 0.013184 0.025051
0 0.601267 0.725743 0.024747 0.060061
0 0.821359 0.304207 0.014677 0.024579
0 0.078534 0.645762 0.011966 0.020603
0 0.867010 0.612911 0.012538 0.025575
0 0.305853 0.643095 0.013497 0.027749
0 0.611355 0.690459 0.022633 0.045749
0 0.657504 0.691341 0.016237 0.035165
0 0.794411 0.258905 0.017407 0.037657
0 0.906680 0.015824 0.010455 0.020331
0 0.044684 0.621434 0.013594 0.021897
0 0.955796 0.972331 0.010869 0.023488
0 0.169762 0.392059 0.030568 0.053340
0 0.225221 0.562204 0.018163 0.036693
0 0.871097 0.049343 0.016803 0.031826
0 0.107063 0.575880 0.022029 0.039160
0 0.556195 0.896146 0.020310 0.038378
0 0.930247 0.024422 0.018055 0.032144
0 0.940859 0.108814 0.009907 0.022814
0 0.822418 0.071179 0.012965 0.027128
0 0.329797 0.370332 0.022563 0.047771
0 0.822500 0.855883 0.029721 0.050081
0 0.532028 0.197523 0.024581 0.045638
0 0.640357 0.623408 0.025594 0.056565
0 0.690676 0.483223 0.019783 0.042079