0 0.089465 0.615043 0.014475 0.030079
0 0.419985 0.873157 0.023309 0.034530
0 0.193546 0.979090 0.024372 0.039348
0 0.719579 0.039733 0.027269 0.032734
0 0.206452 0.079352 0.014123 0.028996
0 0.958949 0.842230 0.017549 0.033424
0 0.869803 0.832992 0.013364 0.020995
0 0.924506 0.661555 0.019097 0.038545
0 0.702625 0.199349 0.015143 0.036579
0 0.768252 0.969614 0.020676 0.039874
0 0.456843 0.518287 0.018093 0.037427
0 0.345087 0.885054 0.018463 0.038287
0 0.822935 0.447434 0.014765 0.022762
0 0.609546 0.473366 0.017229 0.028868
0 0.066644 0.622281 0.018386 0.043124
0 0.538416 0.466911 0.018649 0.029328
0 0.901218 0.847078 0.015394 0.026321
0 0.853180 0.026728 0.014508 0.023566
0 0.391132 0.850133 0.021731 0.042940
0 0.855888 0.354162 0.018038 0.026004
0 0.278641 0.888994 0.024734 0.043866
0 0.744779 0.714960 0.019646 0.033756
0 0.404026 0.523154 0.019892 0.044005
0 0.879263 0.628280 0.015971 0.026730
0 0.886983 0.740243 0.017114 0.037229
0 0.576059 0.254157 0.021301 0.042454
0 0.367710 0.467767 0.020427 0.059976
0 0.049783 0.459105 0.019550 0.038986
0 0.718099 0.701646 0.021002 0.035644
0 0.930634 0.142484 0.016330 0.029130
0 0.845166 0.392736 0.027662 0.045527