0 0.920697 0.890101 0.009632 0.020446
0 0.491155 0.981739 0.019753 0.033450
0 0.146636 0.197823 0.006382 0.012593
0 0.079059 0.822000 0.005722 0.012254
0 0.511407 0.769337 0.008438 0.016225
0 0.836119 0.738630 0.007591 0.016079
0 0.306730 0.124373 0.011920 0.014801
0 0.361264 0.851825 0.018549 0.029387
0 0.661194 0.740630 0.007505 0.015617
0 0.983780 0.760121 0.014272 0.032267
0 0.674930 0.469559 0.007531 0.015542
0 0.506530 0.924367 0.008840 0.017304
0 0.623555 0.889719 0.009002 0.019941
0 0.394716 0.800520 0.010433 0.018837
0 0.931695 0.388301 0.009321 0.021399
0 0.518138 0.620249 0.011228 0.026004
0 0.892125 0.494586 0.015654 0.032881
0 0.541223 0.441555 0.006416 0.015503
0 0.362215 0.680071 0.010400 0.024476
0 0.378060 0.681669 0.010229 0.018252
0 0.105664 0.469403 0.013156 0.024923
0 0.361315 0.196484 0.007118 0.012525
0 0.477168 0.516119 0.006136 0.013062
0 0.844571 0.218570 0.012165 0.027415
0 0.205852 0.265397 0.006771 0.013100
0 0.301834 0.184800 0.011235 0.016976
0 0.073284 0.578334 0.008924 0.014142
0 0.057847 0.231764 0.008899 0.014301
0 0.512315 0.520917 0.007641 0.014648
0 0.812287 0.414863 0.013318 0.028185
0 0.229670 0.868180 0.009944 0.021306
0 0.299998 0.770288 0.009804 0.017234
0 0.135205 0.463472 0.013079 0.026517
0 0.034118 0.405579 0.011675 0.021050
0 0.182560 0.288040 0.011779 0.022751
0 0.092439 0.427810 0.012757 0.020025
0 0.350172 0.360447 0.013159 0.026212