0 0.311365 0.197933 0.007980 0.019793
0 0.213225 0.313809 0.008631 0.017699
0 0.962157 0.298244 0.008365 0.020374
0 0.577869 0.258495 0.007602 0.017548
0 0.719225 0.214274 0.009492 0.021243
0 0.085351 0.331634 0.008559 0.019638
0 0.849806 0.261532 0.007393 0.016918
0 0.958597 0.067455 0.008264 0.018211
0 0.142270 0.745693 0.008173 0.017265
0 0.485548 0.240641 0.012176 0.019618
0 0.218760 0.211389 0.007959 0.017855
0 0.425226 0.346926 0.010128 0.021410
0 0.505302 0.489736 0.008109 0.017212
0 0.880558 0.451844 0.008902 0.018142
0 0.350989 0.687202 0.008891 0.017042
0 0.340959 0.492938 0.009658 0.017601
0 0.690668 0.209151 0.008259 0.016188
0 0.395970 0.573662 0.008795 0.017946
0 0.788268 0.308970 0.009237 0.018489
0 0.662835 0.270622 0.011013 0.022170
0 0.796413 0.276532 0.009275 0.019793
0 0.797238 0.596329 0.009218 0.019137
0 0.194043 0.235170 0.008312 0.020763
0 0.986673 0.191234 0.011598 0.023902
0 0.337356 0.888682 0.009238 0.020072
0 0.202236 0.312397 0.007935 0.016849
0 0.281754 0.010210 0.009686 0.018504
0 0.511205 0.264175 0.009973 0.019618
0 0.863402 0.230467 0.008871 0.020571
0 0.480332 0.549469 0.008539 0.019640
0 0.248537 0.145989 0.009473 0.019827
0 0.292154 0.134042 0.007965 0.023109
0 0.751156 0.385744 0.010808 0.020566