0 0.884288 0.779203 0.028136 0.044651
0 0.798041 0.436173 0.012613 0.022619
0 0.526438 0.919590 0.009706 0.018067
0 0.824612 0.046069 0.029094 0.054402
0 0.867847 0.764654 0.019478 0.036852
0 0.566793 0.858720 0.011876 0.019144
0 0.883707 0.300261 0.011642 0.021797
0 0.571137 0.932398 0.011676 0.016465
0 0.819454 0.120520 0.026112 0.027904
0 0.562842 0.703253 0.012651 0.018639
0 0.633281 0.559735 0.012915 0.020663
0 0.436485 0.943203 0.012089 0.025072
0 0.682148 0.421474 0.015475 0.032160
0 0.660045 0.659966 0.012825 0.022153
0 0.631998 0.520698 0.014446 0.034025
0 0.765396 0.337913 0.013879 0.031566
0 0.831892 0.165116 0.016068 0.025656
0 0.853823 0.232827 0.015118 0.032464
0 0.546384 0.941927 0.012465 0.026054
0 0.654740 0.348911 0.016598 0.025016
0 0.955897 0.673013 0.025793 0.048367
0 0.877077 0.959072 0.022908 0.044771
0 0.453884 0.968381 0.015539 0.024135
0 0.872140 0.860276 0.028580 0.091608
0 0.533013 0.984876 0.011038 0.019544
0 0.821380 0.521465 0.013580 0.025322
0 0.672285 0.977582 0.024681 0.039568
0 0.988366 0.743584 0.017486 0.030097
0 0.989779 0.840095 0.019353 0.065349
0 0.851344 0.927833 0.033521 0.064188
0 0.794839 0.396271 0.015063 0.024820
0 0.895093 0.194145 0.013431 0.026821
0 0.512215 0.916871 0.011678 0.018571
0 0.592456 0.920425 0.013363 0.019484
0 0.563091 0.888091 0.014171 0.023099
0 0.875507 0.091412 0.017518 0.029099
0 0.766608 0.247195 0.014021 0.024476
0 0.582079 0.832075 0.012380 0.020865
0 0.544535 0.911771 0.013102 0.019609
0 0.700107 0.538795 0.013069 0.026643
0 0.852834 0.327648 0.017313 0.026319
0 0.855543 0.507584 0.017393 0.026874
0 0.911091 0.119148 0.019205 0.030001
0 0.494700 0.958917 0.014662 0.023099
0 0.608672 0.907882 0.013591 0.029256
0 0.680884 0.821315 0.017103 0.026232
0 0.956806 0.791328 0.034651 0.061745
0 0.984637 0.251136 0.029752 0.047092
0 0.581042 0.752017 0.014511 0.021824
0 0.779678 0.772415 0.017696 0.031987
0 0.754609 0.609892 0.015181 0.032442
0 0.740211 0.281185 0.015170 0.026547
0 0.946335 0.881013 0.037337 0.068624
0 0.607165 0.958256 0.015206 0.023687
0 0.538696 0.855595 0.014691 0.023529
0 0.623406 0.600288 0.018945 0.026271
0 0.721681 0.572124 0.018176 0.037911