0 0.508190 0.929754 0.010201 0.020127
0 0.539678 0.055963 0.013807 0.025978
0 0.415104 0.180058 0.010745 0.019649
0 0.073155 0.742914 0.011019 0.024182
0 0.815130 0.608072 0.012031 0.021699
0 0.932114 0.534359 0.011062 0.028057
0 0.491735 0.161736 0.012587 0.029257
0 0.797561 0.720336 0.012324 0.022511
0 0.676399 0.606123 0.011452 0.020801
0 0.501068 0.662102 0.009731 0.018196
0 0.511347 0.614867 0.014081 0.027215
0 0.537439 0.595779 0.011573 0.018886
0 0.628308 0.423024 0.010243 0.017035
0 0.493997 0.879146 0.011027 0.020905
0 0.255698 0.809234 0.010198 0.020300
0 0.168335 0.971059 0.009312 0.020203
0 0.234725 0.989407 0.009273 0.016229
0 0.310633 0.927101 0.009245 0.018147
0 0.726370 0.600367 0.013379 0.026728
0 0.991307 0.448620 0.011318 0.021368
0 0.907612 0.365796 0.010279 0.018200
0 0.858110 0.592737 0.016176 0.028810
0 0.544212 0.631616 0.014503 0.025697
0 0.128441 0.219004 0.013252 0.021754
0 0.058642 0.788296 0.009562 0.020965
0 0.868429 0.676691 0.013853 0.025989
0 0.425919 0.912953 0.012311 0.024437
0 0.247238 0.373164 0.009450 0.019572
0 0.833697 0.920610 0.013674 0.020230
0 0.045150 0.838996 0.010530 0.019557
0 0.957850 0.972420 0.011608 0.021914
0 0.717341 0.760244 0.017739 0.028553
0 0.252783 0.720763 0.011945 0.023335