0 0.784420 0.055338 0.012958 0.025154
0 0.295617 0.407656 0.012211 0.021260
0 0.970812 0.619903 0.009574 0.021680
0 0.931809 0.126607 0.014050 0.026971
0 0.140462 0.154402 0.011541 0.020435
0 0.304524 0.520014 0.011409 0.019697
0 0.344015 0.297463 0.011661 0.024791
0 0.904201 0.525588 0.007833 0.022151
0 0.974988 0.569369 0.010735 0.023287
0 0.739783 0.040098 0.007872 0.020492
0 0.872153 0.455076 0.012044 0.022784
0 0.572501 0.358115 0.013372 0.025515
0 0.418326 0.512591 0.025944 0.045189
0 0.044075 0.113607 0.013069 0.029146
0 0.622983 0.789417 0.008757 0.021954
0 0.636848 0.791684 0.010554 0.021883
0 0.187436 0.052102 0.014153 0.030609
0 0.173366 0.221115 0.011367 0.030634
0 0.409516 0.286064 0.022662 0.045803
0 0.115474 0.094890 0.022629 0.041585
0 0.655849 0.335707 0.011949 0.024306