0 0.877576 0.086744 0.009952 0.018789
0 0.247996 0.164229 0.011389 0.022954
0 0.131746 0.718783 0.010691 0.021728
0 0.205692 0.169293 0.020832 0.052718
0 0.955480 0.163586 0.021052 0.043507
0 0.639443 0.146065 0.021237 0.050732
0 0.887605 0.407803 0.013815 0.027474
0 0.836950 0.166509 0.010332 0.017843
0 0.178273 0.008758 0.014852 0.017503
0 0.391053 0.460788 0.013739 0.027811
0 0.504762 0.136622 0.011192 0.026471
0 0.125518 0.358012 0.012002 0.024939
0 0.402353 0.172894 0.012956 0.019368
0 0.352256 0.416275 0.017154 0.033922
0 0.684851 0.734967 0.023963 0.058065
0 0.081230 0.140286 0.013646 0.025531
0 0.209093 0.429910 0.012316 0.025309
0 0.031002 0.468348 0.012820 0.028076
0 0.564965 0.064435 0.013182 0.023026
0 0.398794 0.209255 0.016783 0.022028
0 0.272483 0.255642 0.014343 0.026437
0 0.008627 0.755567 0.012447 0.026011
0 0.434297 0.325708 0.013618 0.029550
0 0.473150 0.425817 0.011528 0.023178
0 0.346421 0.024962 0.044472 0.049924
0 0.212086 0.332407 0.012584 0.021271
0 0.063337 0.336718 0.014740 0.032501
0 0.139041 0.509879 0.016654 0.032199
0 0.433485 0.125653 0.018210 0.026121
0 0.406452 0.386256 0.012959 0.030311
0 0.163825 0.411912 0.017121 0.026608
0 0.027506 0.366841 0.027914 0.052789
0 0.244529 0.064378 0.014637 0.029577
0 0.122395 0.011524 0.013731 0.022953
0 0.183526 0.430274 0.016883 0.022193
0 0.138187 0.821194 0.011144 0.021274
0 0.416108 0.428411 0.012108 0.028692
0 0.185873 0.244852 0.014632 0.022147
0 0.152341 0.173442 0.016377 0.029737
0 0.477162 0.061139 0.022643 0.036137
0 0.385695 0.103235 0.027593 0.059144
0 0.467199 0.254323 0.024459 0.054665
0 0.044642 0.295600 0.018744 0.036778
0 0.907924 0.187838 0.015111 0.025698
0 0.421195 0.211911 0.017732 0.036185
0 0.292585 0.234585 0.016594 0.034722
0 0.250738 0.109374 0.012985 0.023720
0 0.194064 0.368304 0.019411 0.041861
0 0.198742 0.284679 0.031032 0.062226