0 0.305931 0.220798 0.011552 0.024631
0 0.970025 0.376534 0.008736 0.019985
0 0.649904 0.546996 0.014025 0.041396
0 0.335642 0.210145 0.009957 0.025551
0 0.575200 0.159081 0.011473 0.025480
0 0.369694 0.421145 0.010595 0.024146
0 0.371881 0.588134 0.009465 0.024654
0 0.517557 0.266797 0.011083 0.024404
0 0.930050 0.585681 0.014670 0.034343
0 0.992137 0.620761 0.010058 0.026510
0 0.134988 0.591672 0.016503 0.041519
0 0.438553 0.626323 0.011252 0.026353
0 0.364939 0.219798 0.011348 0.028308
0 0.209816 0.558642 0.032624 0.090571
0 0.411283 0.580942 0.011624 0.026734
0 0.580003 0.200437 0.010281 0.025385
0 0.443492 0.593156 0.012216 0.030088
0 0.467388 0.087771 0.010378 0.026688
0 0.135676 0.176792 0.035008 0.092184