0 0.197766 0.865356 0.012329 0.025402
0 0.208189 0.541100 0.012587 0.024199
0 0.743721 0.804957 0.010600 0.023432
0 0.435417 0.920911 0.013751 0.031813
0 0.592083 0.481139 0.014008 0.034659
0 0.741072 0.572083 0.012606 0.021134
0 0.155398 0.979467 0.009243 0.021862
0 0.324298 0.073144 0.014462 0.030267
0 0.702191 0.769958 0.011510 0.022046
0 0.629034 0.601495 0.013029 0.024248
0 0.719899 0.068927 0.011798 0.024795
0 0.135484 0.876122 0.017269 0.036452
0 0.269538 0.706443 0.012602 0.025737
0 0.642631 0.814380 0.012028 0.023195
0 0.188580 0.600315 0.013011 0.026541
0 0.665943 0.720886 0.010359 0.021733
0 0.984934 0.704172 0.014703 0.029859
0 0.977623 0.432113 0.011913 0.024910
0 0.393123 0.720072 0.020107 0.024152
0 0.506646 0.722268 0.013198 0.027196
0 0.944888 0.798837 0.027069 0.046794
0 0.558268 0.479841 0.015083 0.031485
0 0.396744 0.606467 0.030178 0.028352
0 0.514656 0.786109 0.020303 0.025290
0 0.460878 0.702431 0.012718 0.024115
0 0.544626 0.868997 0.013070 0.020897
0 0.672520 0.792532 0.012078 0.024431
0 0.848602 0.618241 0.015173 0.032322
0 0.517027 0.327298 0.021993 0.033292
0 0.306415 0.359513 0.015867 0.035582
0 0.437392 0.479371 0.018233 0.037898
0 0.548516 0.307552 0.017344 0.035523
0 0.555066 0.165110 0.018297 0.040949