0 0.404745 0.406382 0.012224 0.020668
0 0.792701 0.167842 0.006467 0.013495
0 0.445811 0.744755 0.007042 0.015701
0 0.382165 0.377588 0.012451 0.015732
0 0.358541 0.398889 0.011179 0.016362
0 0.124306 0.273124 0.016904 0.020896
0 0.169074 0.331034 0.007902 0.015168
0 0.149317 0.134086 0.008331 0.017084
0 0.504141 0.906581 0.009113 0.015980
0 0.078220 0.214685 0.008876 0.016168
0 0.408775 0.320690 0.007908 0.015547
0 0.555785 0.625726 0.007728 0.018712
0 0.931378 0.942152 0.009987 0.021559
0 0.189628 0.363261 0.013103 0.018076
0 0.093204 0.235955 0.016813 0.025301
0 0.199068 0.259308 0.010480 0.019377
0 0.749801 0.178266 0.007177 0.015207
0 0.062703 0.198437 0.019597 0.024984
0 0.609729 0.353569 0.016040 0.018706
0 0.338114 0.238547 0.009548 0.015821
0 0.253891 0.482291 0.012651 0.022052
0 0.027209 0.489263 0.014406 0.025458
0 0.218404 0.412566 0.011136 0.017219