0 0.209822 0.545407 0.008862 0.018217
0 0.175603 0.257967 0.007149 0.013768
0 0.130319 0.742279 0.008229 0.017405
0 0.139430 0.977208 0.011339 0.019995
0 0.262136 0.087072 0.006978 0.013255
0 0.580421 0.809415 0.012738 0.032938
0 0.060980 0.294921 0.009959 0.022730
0 0.278335 0.764210 0.010130 0.022081
0 0.082022 0.139203 0.007439 0.013624
0 0.276854 0.965468 0.011455 0.024816
0 0.932219 0.848861 0.009083 0.018873
0 0.008115 0.897652 0.016218 0.043734
0 0.036889 0.189665 0.006031 0.013315
0 0.911247 0.414501 0.011323 0.020878
0 0.077040 0.373372 0.009899 0.019664
0 0.786805 0.951603 0.009612 0.018561
0 0.173610 0.441628 0.010737 0.019465
0 0.143416 0.377076 0.007395 0.014455
0 0.231838 0.324217 0.006918 0.012400
0 0.458242 0.318708 0.012561 0.031112
0 0.084675 0.910008 0.017583 0.035447
0 0.729341 0.797784 0.012561 0.024406
0 0.402815 0.590462 0.011932 0.021525
0 0.269143 0.531882 0.007585 0.013556
0 0.166393 0.026486 0.007286 0.013013
0 0.193317 0.308167 0.011271 0.024653
0 0.404884 0.215914 0.007949 0.016999
0 0.306312 0.833539 0.009098 0.018010
0 0.081201 0.582212 0.009306 0.018439
0 0.160681 0.550887 0.019804 0.028327
0 0.622322 0.914274 0.013066 0.027627
0 0.111755 0.671982 0.009934 0.023982
0 0.279695 0.085213 0.007471 0.014909
0 0.017940 0.234574 0.007305 0.015049
0 0.673613 0.684782 0.010119 0.018875
0 0.580812 0.652867 0.010441 0.021578
0 0.161464 0.383198 0.010432 0.020546
0 0.015075 0.127143 0.030150 0.071163
0 0.345105 0.308417 0.007469 0.013669
0 0.035387 0.745215 0.009497 0.017428
0 0.333879 0.276538 0.007325 0.014464
0 0.051313 0.560074 0.013787 0.025525
0 0.532519 0.811967 0.012506 0.026763
0 0.358588 0.512822 0.007956 0.014031
0 0.053671 0.210088 0.008352 0.016219
0 0.023033 0.576297 0.013901 0.028772
0 0.141773 0.320177 0.013562 0.025346
0 0.178551 0.869953 0.016270 0.034009
0 0.156825 0.651779 0.014750 0.027636
0 0.050560 0.610940 0.011957 0.022013
0 0.310907 0.242223 0.009474 0.018918
0 0.247229 0.229614 0.008437 0.015950