0 0.120398 0.206212 0.017292 0.025897
0 0.436215 0.309905 0.011873 0.023233
0 0.004651 0.101845 0.009302 0.021613
0 0.893629 0.203251 0.011553 0.021977
0 0.935726 0.594702 0.010772 0.024915
0 0.766217 0.087830 0.013373 0.026655
0 0.399006 0.038000 0.012268 0.025248
0 0.372107 0.082847 0.013463 0.022237
0 0.628824 0.075949 0.012350 0.024451
0 0.688603 0.118816 0.014374 0.030306
0 0.661758 0.184363 0.013271 0.026592
0 0.109567 0.326517 0.012843 0.020548
0 0.501487 0.016152 0.015907 0.026986
0 0.307812 0.036717 0.033222 0.048355
0 0.078472 0.508862 0.015010 0.023423
0 0.275202 0.233730 0.016654 0.026665
0 0.165931 0.298946 0.020771 0.035194