0 0.194909 0.647106 0.012156 0.021457
0 0.817342 0.277201 0.011985 0.017483
0 0.800094 0.302070 0.012357 0.019404
0 0.810801 0.266047 0.011656 0.025271
0 0.341706 0.389569 0.012187 0.025935
0 0.456099 0.524211 0.013466 0.021704
0 0.817800 0.303029 0.012296 0.022407
0 0.312168 0.400060 0.015003 0.027094
0 0.681626 0.473396 0.013893 0.026902
0 0.157079 0.645800 0.015704 0.028380
0 0.516152 0.642358 0.014823 0.033593
0 0.321280 0.427072 0.015942 0.033132
0 0.447237 0.507571 0.014292 0.031116
0 0.213787 0.607988 0.019628 0.041706
0 0.192973 0.590807 0.029635 0.050038