0 0.068941 0.952082 0.013984 0.025887
0 0.284616 0.700132 0.017204 0.033473
0 0.061406 0.311547 0.014140 0.028380
0 0.826100 0.605666 0.019293 0.038309
0 0.539489 0.479971 0.016741 0.032289
0 0.181118 0.941239 0.016416 0.036628
0 0.080233 0.986069 0.015239 0.026386
0 0.273532 0.859773 0.018807 0.037139
0 0.088398 0.462625 0.015085 0.033665
0 0.134209 0.041933 0.020746 0.034567
0 0.212981 0.645921 0.013315 0.028130
0 0.171480 0.754153 0.014863 0.029527
0 0.573411 0.915168 0.018559 0.045181
0 0.180917 0.304157 0.018639 0.045352
0 0.722664 0.851431 0.025562 0.049308
0 0.143247 0.894770 0.017381 0.036831
0 0.333081 0.831490 0.013797 0.030760
0 0.364997 0.963456 0.017710 0.028557
0 0.297539 0.810915 0.016418 0.035258
0 0.729587 0.808872 0.019656 0.044813
0 0.477849 0.582887 0.022327 0.045532
0 0.194571 0.829222 0.025207 0.049189
0 0.114317 0.927737 0.017644 0.039047
0 0.836385 0.805939 0.017474 0.049170
0 0.329752 0.696844 0.016753 0.040032
0 0.463859 0.774246 0.018331 0.048762
0 0.102722 0.671578 0.022317 0.046495
0 0.431429 0.474070 0.027102 0.041599