0 0.400131 0.664886 0.011990 0.027935
0 0.648926 0.452049 0.014030 0.038211
0 0.452153 0.325838 0.014675 0.027263
0 0.546037 0.864183 0.016642 0.034611
0 0.652513 0.864994 0.013298 0.034306
0 0.305504 0.658257 0.015950 0.040102
0 0.356911 0.824489 0.010857 0.023177
0 0.191902 0.438567 0.013245 0.028095
0 0.011580 0.471203 0.017406 0.037610
0 0.060694 0.797607 0.010387 0.024009
0 0.308207 0.091749 0.015642 0.035522
0 0.360860 0.770129 0.017768 0.034895
0 0.334231 0.790855 0.013397 0.025059
0 0.759224 0.287828 0.011888 0.026456
0 0.076060 0.144988 0.026079 0.065659
0 0.451168 0.791514 0.014220 0.039892
0 0.073266 0.796610 0.015653 0.038748
0 0.966087 0.721031 0.014506 0.031000
0 0.091068 0.795195 0.012693 0.045737
0 0.704280 0.309224 0.014920 0.032418
0 0.650497 0.347489 0.018909 0.035666
0 0.306550 0.196267 0.028881 0.059249