0 0.019953 0.110912 0.009475 0.015097
0 0.689896 0.525063 0.013731 0.026653
0 0.147472 0.262126 0.009480 0.017090
0 0.269342 0.296275 0.013574 0.025918
0 0.039194 0.121596 0.010873 0.017470
0 0.045407 0.420392 0.010199 0.018863
0 0.748426 0.588462 0.013969 0.023291
0 0.178509 0.346083 0.010241 0.019784
0 0.178199 0.268664 0.009322 0.018808
0 0.204194 0.228109 0.010780 0.017972
0 0.393827 0.055283 0.012099 0.018837
0 0.215745 0.247065 0.009072 0.017988
0 0.133193 0.025056 0.012378 0.018581
0 0.142737 0.155057 0.008604 0.019803
0 0.217329 0.974547 0.017178 0.029567
0 0.237189 0.871771 0.014719 0.029602
0 0.171131 0.207447 0.009727 0.020693
0 0.072630 0.282443 0.012848 0.024695
0 0.210281 0.193766 0.011984 0.023551
0 0.699186 0.109280 0.017578 0.028803
0 0.156920 0.164526 0.009868 0.021254
0 0.689817 0.212975 0.013482 0.026586
0 0.157210 0.372463 0.010258 0.020905
0 0.869029 0.344406 0.020393 0.031683
0 0.474167 0.347566 0.016368 0.031149