0 0.462035 0.158399 0.015681 0.021774
0 0.965662 0.507279 0.026542 0.024424
0 0.759120 0.900651 0.012772 0.023662
0 0.571373 0.798306 0.016849 0.031633
0 0.014915 0.731800 0.018193 0.038550
0 0.500919 0.311498 0.012366 0.029604
0 0.162383 0.358799 0.026860 0.037008
0 0.411589 0.026419 0.010728 0.025245
0 0.386378 0.390624 0.021074 0.030288
0 0.596857 0.363928 0.016895 0.025720
0 0.099408 0.728994 0.016967 0.022429
0 0.139159 0.633976 0.014791 0.019714
0 0.595574 0.276665 0.018654 0.027602
0 0.687067 0.872891 0.021038 0.035387
0 0.447406 0.052823 0.012425 0.023161
0 0.257868 0.369287 0.012013 0.022292
0 0.317525 0.804358 0.012193 0.025373
0 0.631209 0.338040 0.014106 0.024888
0 0.075905 0.586464 0.017996 0.032902
0 0.363693 0.510914 0.017368 0.033086
0 0.588818 0.672200 0.014447 0.024014
0 0.720126 0.525903 0.022293 0.024285
0 0.660995 0.521571 0.019459 0.031005
0 0.940143 0.478816 0.016658 0.036314
0 0.710791 0.319125 0.022820 0.038944