0 0.383125 0.186801 0.007928 0.013064
0 0.525433 0.759522 0.012425 0.025281
0 0.443674 0.164531 0.008157 0.014494
0 0.585150 0.354952 0.006571 0.013358
0 0.135065 0.605531 0.007549 0.013293
0 0.918714 0.408099 0.008280 0.016601
0 0.431709 0.236076 0.006758 0.018032
0 0.361698 0.374856 0.006628 0.014497
0 0.863110 0.260291 0.007418 0.012913
0 0.307794 0.732117 0.009522 0.020179
0 0.521985 0.146470 0.007993 0.015515
0 0.609594 0.362988 0.006592 0.012469
0 0.302003 0.656337 0.011563 0.018320
0 0.954371 0.333075 0.009118 0.018346
0 0.388966 0.538854 0.007403 0.017786
0 0.277149 0.860901 0.009302 0.018537
0 0.723847 0.278833 0.014141 0.017410
0 0.254562 0.566379 0.009252 0.018681
0 0.407532 0.491909 0.007965 0.018652
0 0.950292 0.457574 0.009806 0.023327
0 0.558079 0.457951 0.007947 0.020854
0 0.398703 0.535430 0.008793 0.021470
0 0.316082 0.533480 0.009218 0.022018
0 0.083201 0.952834 0.019867 0.025433
0 0.551296 0.426243 0.007812 0.016380
0 0.459526 0.370446 0.008664 0.015547
0 0.443584 0.532716 0.008727 0.016562
0 0.525653 0.895934 0.007532 0.019630
0 0.632888 0.181070 0.008492 0.017442
0 0.696267 0.143202 0.008842 0.018987
0 0.747228 0.047951 0.010725 0.020871
0 0.459082 0.771353 0.018200 0.044160
0 0.869022 0.164880 0.011805 0.018777
0 0.291289 0.766089 0.015616 0.040808
0 0.473506 0.346412 0.010165 0.022767
0 0.951969 0.089998 0.009562 0.019965
0 0.447551 0.491276 0.007946 0.016080
0 0.682494 0.560987 0.014112 0.025722
0 0.367270 0.505340 0.008258 0.017312
0 0.804536 0.074484 0.021304 0.042247