0 0.215476 0.014898 0.012600 0.020025
0 0.884431 0.448607 0.014813 0.025031
0 0.832531 0.648316 0.016020 0.022964
0 0.359894 0.008728 0.013365 0.017005
0 0.159759 0.048419 0.011252 0.019756
0 0.442611 0.087293 0.013892 0.025496
0 0.090274 0.401253 0.010754 0.019492
0 0.037251 0.346394 0.010745 0.019629
0 0.135990 0.587281 0.015346 0.024278
0 0.201260 0.645028 0.010768 0.019991
0 0.036424 0.417694 0.012731 0.020634
0 0.079381 0.389306 0.011570 0.021309
0 0.133952 0.613866 0.014467 0.026618
0 0.154317 0.287271 0.015182 0.028400