0 0.637174 0.139564 0.010962 0.021084
0 0.116834 0.363011 0.008423 0.017934
0 0.833650 0.736267 0.009024 0.017584
0 0.199654 0.586720 0.014917 0.026687
0 0.606076 0.247504 0.008992 0.018594
0 0.575133 0.349262 0.010316 0.022020
0 0.669716 0.237413 0.010446 0.022063
0 0.329655 0.687894 0.009592 0.020085
0 0.914003 0.299687 0.010452 0.021314
0 0.641894 0.404343 0.014646 0.029815
0 0.326523 0.854449 0.009044 0.018869
0 0.315310 0.741105 0.008941 0.018183
0 0.738638 0.592449 0.010777 0.023030
0 0.274966 0.210950 0.010020 0.019816
0 0.207906 0.051764 0.009797 0.019146
0 0.677848 0.268850 0.010707 0.023003
0 0.244160 0.545143 0.009982 0.019615
0 0.362653 0.085406 0.014010 0.019685
0 0.402366 0.461118 0.012335 0.026250
0 0.211113 0.103751 0.009778 0.017618
0 0.627529 0.907913 0.013814 0.025748
0 0.231809 0.129893 0.011868 0.022331
0 0.845833 0.773359 0.016673 0.034897
0 0.197793 0.150454 0.010274 0.020369
0 0.343180 0.960742 0.013901 0.028116
0 0.442828 0.670562 0.014050 0.028949
0 0.561794 0.809058 0.013413 0.030251
0 0.469772 0.380585 0.014429 0.029588
0 0.486496 0.925940 0.017387 0.034500
0 0.439360 0.606386 0.017440 0.034994
0 0.158162 0.271415 0.023335 0.024742