0 0.566454 0.442222 0.009102 0.019116
0 0.663290 0.880152 0.024012 0.052663
0 0.234661 0.354968 0.012795 0.030095
0 0.698702 0.310466 0.008879 0.018375
0 0.529693 0.820139 0.017304 0.042834
0 0.573504 0.906330 0.014672 0.039572
0 0.556708 0.452292 0.010057 0.020454
0 0.648520 0.563100 0.014983 0.039054
0 0.517181 0.486012 0.014007 0.028637
0 0.287658 0.668249 0.012021 0.025468
0 0.417295 0.781040 0.025029 0.056301
0 0.774058 0.047460 0.009660 0.024713
0 0.484228 0.792416 0.012476 0.036648
0 0.548558 0.572477 0.016370 0.033830
0 0.562285 0.718743 0.012696 0.034909
0 0.734681 0.146379 0.009640 0.023657