0 0.093468 0.608146 0.013699 0.030929
0 0.340903 0.571261 0.015475 0.041101
0 0.124136 0.676520 0.014728 0.030900
0 0.236183 0.782273 0.017699 0.042626
0 0.358309 0.614115 0.020342 0.040708
0 0.250225 0.814242 0.015626 0.042408
0 0.222090 0.763382 0.018454 0.041315
0 0.219833 0.188233 0.018061 0.041371
0 0.924861 0.936588 0.047578 0.121971
0 0.527936 0.408412 0.016937 0.038928
0 0.301167 0.657925 0.015241 0.042801
0 0.156007 0.584037 0.016690 0.042047
0 0.277060 0.343779 0.023956 0.040042
0 0.158146 0.778347 0.014854 0.038290
0 0.284421 0.955602 0.014225 0.038803
0 0.216757 0.827881 0.018546 0.042135
0 0.243242 0.563733 0.021499 0.043274
0 0.318858 0.125399 0.037562 0.063404
0 0.742361 0.963870 0.038166 0.070532
0 0.295274 0.901491 0.019159 0.039023
0 0.400720 0.076260 0.048513 0.119097
0 0.226261 0.899601 0.020064 0.035539
0 0.532701 0.165455 0.029634 0.058850
0 0.826667 0.020321 0.044134 0.040642
0 0.193801 0.700478 0.021102 0.054665
0 0.555072 0.524416 0.027628 0.050547