0 0.149810 0.555486 0.014243 0.029690
0 0.220749 0.187074 0.011575 0.024634
0 0.860904 0.897093 0.013715 0.024447
0 0.223788 0.441482 0.012486 0.030035
0 0.902660 0.421316 0.012662 0.025469
0 0.957174 0.952821 0.013343 0.026218
0 0.234835 0.182069 0.012224 0.025880
0 0.234261 0.045580 0.011977 0.026538
0 0.211922 0.021226 0.011533 0.024303
0 0.209397 0.809979 0.011572 0.022982
0 0.971811 0.784945 0.012156 0.027914
0 0.659203 0.654729 0.016557 0.025502
0 0.828567 0.075986 0.011281 0.027153
0 0.154648 0.373925 0.012055 0.036139
0 0.427171 0.826531 0.015752 0.033478
0 0.473863 0.144435 0.013747 0.024010
0 0.809434 0.406777 0.011487 0.023831
0 0.265720 0.045496 0.011688 0.024627
0 0.061560 0.015065 0.024114 0.030130
0 0.969377 0.138726 0.011561 0.023805
0 0.626042 0.905242 0.015733 0.033768
0 0.743653 0.895245 0.018556 0.030634
0 0.505961 0.591947 0.014896 0.033167
0 0.496504 0.190005 0.011728 0.024007
0 0.818433 0.309495 0.012090 0.026296
0 0.740923 0.415424 0.013673 0.028251
0 0.368773 0.795460 0.021984 0.039075
0 0.139704 0.461019 0.017164 0.033605
0 0.576907 0.565316 0.013821 0.030822
0 0.691759 0.120402 0.014642 0.023240
0 0.256368 0.796791 0.014848 0.028905
0 0.585433 0.056738 0.018504 0.035232
0 0.121270 0.945235 0.017170 0.039411
0 0.690827 0.455991 0.015096 0.031662
0 0.861788 0.597095 0.017110 0.034580
0 0.752192 0.217106 0.015570 0.030123
0 0.051170 0.292336 0.019652 0.041423
0 0.830619 0.178781 0.013771 0.034361
0 0.284040 0.953265 0.017823 0.035535
0 0.487325 0.846926 0.025034 0.050868