0 0.779795 0.416715 0.008187 0.021909
0 0.607639 0.124945 0.007972 0.017736
0 0.947378 0.828476 0.009229 0.024099
0 0.973833 0.568088 0.007833 0.018417
0 0.362344 0.365407 0.007668 0.014027
0 0.500129 0.617673 0.011852 0.031893
0 0.009568 0.068509 0.007987 0.013779
0 0.854148 0.215496 0.007352 0.015598
0 0.233103 0.533378 0.017795 0.050490
0 0.480501 0.602178 0.009913 0.021579
0 0.895822 0.351195 0.007124 0.017264
0 0.974126 0.928315 0.009849 0.024680
0 0.167443 0.529670 0.029775 0.064611
0 0.837620 0.265819 0.007203 0.017862
0 0.401071 0.821705 0.009579 0.018854
0 0.808481 0.288478 0.008194 0.018511
0 0.842851 0.526491 0.007886 0.014125
0 0.983406 0.248826 0.007229 0.015757
0 0.699832 0.392928 0.008048 0.015435
0 0.648317 0.440006 0.009088 0.017947
0 0.696977 0.196620 0.007986 0.019153
0 0.957812 0.726700 0.008372 0.021169
0 0.949755 0.136952 0.008973 0.018560
0 0.418924 0.108733 0.014544 0.033172
0 0.920408 0.053353 0.009264 0.017274
0 0.897701 0.259475 0.010835 0.023847
0 0.991436 0.358596 0.013708 0.030069
0 0.879736 0.639402 0.011737 0.025120
0 0.743275 0.356465 0.016791 0.037826