0 0.663997 0.672296 0.013817 0.029039
0 0.609033 0.903233 0.022106 0.048545
0 0.559133 0.169142 0.011303 0.025287
0 0.282462 0.464502 0.014489 0.034962
0 0.141997 0.186033 0.011915 0.026208
0 0.371810 0.622976 0.027026 0.044828
0 0.954248 0.167986 0.018217 0.044623
0 0.332709 0.273598 0.016416 0.025244
0 0.657169 0.912640 0.015767 0.040628
0 0.477816 0.203335 0.016363 0.035565
0 0.154463 0.010056 0.014791 0.020113
0 0.249728 0.189276 0.014013 0.022340
0 0.301780 0.427443 0.013903 0.033133
0 0.439739 0.181622 0.013196 0.026463
0 0.324581 0.238119 0.013526 0.025829
0 0.611098 0.184525 0.019892 0.038005
0 0.184132 0.223586 0.016669 0.030770
0 0.571740 0.893426 0.031984 0.048281
0 0.582396 0.243180 0.018474 0.038962
0 0.804877 0.248357 0.023191 0.051879
0 0.090179 0.063547 0.022699 0.042630
0 0.259033 0.395429 0.019969 0.031582