0 0.629189 0.573640 0.010850 0.022390
0 0.014188 0.080960 0.013706 0.023058
0 0.198668 0.280043 0.014868 0.037116
0 0.614334 0.135730 0.010471 0.020373
0 0.092186 0.380923 0.018568 0.039508
0 0.728518 0.061046 0.011581 0.019018
0 0.067599 0.419989 0.016434 0.031592
0 0.933164 0.541676 0.017847 0.038323
0 0.486194 0.123884 0.028725 0.042133
0 0.575467 0.122825 0.010836 0.022551
0 0.399824 0.339291 0.012286 0.032847
0 0.408084 0.277071 0.016094 0.030582
0 0.356080 0.962213 0.019125 0.051147
0 0.518618 0.364509 0.011345 0.023348
0 0.697125 0.654630 0.014947 0.032936
0 0.607543 0.409214 0.010913 0.025418
0 0.616207 0.030396 0.012339 0.020339
0 0.915058 0.247426 0.013858 0.029062
0 0.331791 0.442848 0.013789 0.028711
0 0.524171 0.156006 0.012850 0.025728
0 0.646359 0.048459 0.012288 0.019377
0 0.867240 0.130452 0.011452 0.025857
0 0.475792 0.124559 0.011580 0.028749
0 0.706723 0.426349 0.012088 0.022249
0 0.454386 0.234537 0.014657 0.030871
0 0.367874 0.561381 0.013806 0.030985
0 0.725959 0.097676 0.010033 0.026242
0 0.576628 0.979884 0.018955 0.037167
0 0.710009 0.323835 0.012638 0.026179
0 0.349060 0.671410 0.027882 0.073488
0 0.877113 0.355265 0.015714 0.029665
0 0.022685 0.337983 0.021334 0.046455
0 0.880024 0.161329 0.012860 0.028212
0 0.401392 0.378089 0.014116 0.032514
0 0.746809 0.157815 0.010935 0.021462
0 0.725414 0.106763 0.023785 0.044759
0 0.577839 0.364307 0.012080 0.026174
0 0.951480 0.074289 0.013192 0.031352
0 0.160473 0.454333 0.024361 0.060907
0 0.724622 0.022411 0.012120 0.027073
0 0.384942 0.795963 0.020849 0.047769
0 0.435794 0.208720 0.011256 0.029340
0 0.399574 0.537395 0.028975 0.058103
0 0.708871 0.292106 0.013891 0.026411
0 0.510089 0.599474 0.017082 0.034140
0 0.734427 0.183117 0.011367 0.025324
0 0.057264 0.318663 0.018290 0.048552
0 0.583798 0.040997 0.015817 0.028055
0 0.760605 0.027603 0.012932 0.023078
0 0.649363 0.114059 0.012450 0.029396
0 0.571494 0.298710 0.014083 0.027304
0 0.422445 0.400529 0.014886 0.029880
0 0.817584 0.043759 0.012506 0.025312
0 0.598953 0.088264 0.020248 0.027405
0 0.376172 0.109272 0.012151 0.020954
0 0.469268 0.368460 0.013195 0.023433
0 0.689642 0.052650 0.011943 0.022326
0 0.748037 0.344466 0.015045 0.032779
0 0.488229 0.211835 0.011865 0.027577
0 0.498822 0.363600 0.014646 0.029448
0 0.420261 0.400938 0.020852 0.041009
0 0.307473 0.175386 0.011156 0.023506
0 0.639279 0.174960 0.019498 0.035953
0 0.474635 0.314545 0.011863 0.027836
0 0.678446 0.348632 0.014310 0.026753
0 0.380340 0.434207 0.019341 0.039488
0 0.655330 0.252372 0.013344 0.025381
0 0.656131 0.015986 0.015741 0.020846
0 0.547756 0.210516 0.012307 0.023448
0 0.772702 0.564193 0.019995 0.048008
0 0.075105 0.336407 0.021258 0.042881
0 0.230416 0.298626 0.011826 0.026784
0 0.706629 0.135026 0.013224 0.024087
0 0.577111 0.074009 0.013064 0.022726
0 0.633617 0.332355 0.012568 0.028849
0 0.796752 0.048833 0.013415 0.027518
0 0.628616 0.428686 0.014594 0.024723
0 0.467406 0.287159 0.018946 0.034587
0 0.738857 0.261564 0.013697 0.027133
0 0.377659 0.488463 0.017421 0.041106
0 0.265412 0.161791 0.014748 0.032574
0 0.469129 0.701517 0.014979 0.024777
0 0.486000 0.759395 0.013749 0.025855
0 0.474002 0.580984 0.013431 0.029687
0 0.473214 0.481996 0.015473 0.034565
0 0.792335 0.240282 0.018203 0.029927
0 0.618478 0.499243 0.016541 0.036291