0 0.325818 0.918094 0.022623 0.035085
0 0.432852 0.473565 0.027211 0.040046
0 0.095186 0.871330 0.014476 0.027404
0 0.023446 0.578871 0.019712 0.031353
0 0.441196 0.974081 0.019499 0.023298
0 0.197199 0.292387 0.018043 0.026681
0 0.764414 0.880335 0.029046 0.035473
0 0.590460 0.673919 0.015598 0.034392
0 0.253124 0.927770 0.021413 0.027383
0 0.336327 0.645540 0.019000 0.033463
0 0.176718 0.964020 0.025703 0.040384
0 0.211216 0.654808 0.018761 0.026228
0 0.060904 0.853806 0.028267 0.029233
0 0.714438 0.159932 0.020017 0.034897
0 0.345339 0.717839 0.030346 0.047018
0 0.178540 0.440422 0.024014 0.039882