0 0.041507 0.878581 0.008497 0.017863
0 0.071348 0.845967 0.010083 0.019015
0 0.021867 0.663724 0.010404 0.021001
0 0.486666 0.060995 0.009459 0.019686
0 0.020960 0.092460 0.008584 0.016485
0 0.649322 0.007306 0.013903 0.014559
0 0.317346 0.818930 0.009513 0.018782
0 0.350030 0.707050 0.014776 0.031916
0 0.825741 0.774691 0.012856 0.019833
0 0.265684 0.025660 0.008760 0.017448
0 0.081107 0.604256 0.008835 0.017830
0 0.498303 0.827862 0.010670 0.023038
0 0.431308 0.197363 0.009321 0.020912
0 0.571624 0.861259 0.010516 0.021228
0 0.095922 0.934745 0.012578 0.027432
0 0.446269 0.957617 0.010753 0.020738
0 0.012851 0.105346 0.010159 0.020203
0 0.809560 0.677820 0.012092 0.025461
0 0.884064 0.977567 0.018992 0.031043
0 0.268528 0.425180 0.016467 0.030290
0 0.672254 0.993426 0.017927 0.012773
0 0.892718 0.037148 0.013740 0.030077
0 0.115489 0.348645 0.011053 0.021512
0 0.709836 0.091851 0.016986 0.033959
0 0.114626 0.612245 0.011903 0.022613
0 0.400541 0.888146 0.012729 0.023041
0 0.843923 0.042402 0.013781 0.026423