0 0.939815 0.886762 0.010526 0.022749
0 0.362849 0.453002 0.008490 0.019109
0 0.046555 0.881580 0.015300 0.025640
0 0.949692 0.924726 0.007847 0.018155
0 0.027805 0.310850 0.008535 0.017826
0 0.909460 0.844914 0.008604 0.019814
0 0.151517 0.460233 0.012545 0.030884
0 0.868625 0.847397 0.008926 0.017717
0 0.166318 0.772621 0.008927 0.020869
0 0.570779 0.624072 0.009489 0.020859
0 0.861292 0.814152 0.010348 0.021033
0 0.353630 0.255853 0.010281 0.021139
0 0.638203 0.633350 0.008196 0.017864
0 0.428355 0.153962 0.009548 0.019784
0 0.068611 0.603764 0.009977 0.024792
0 0.241533 0.505943 0.008425 0.017430
0 0.377214 0.473882 0.008268 0.017554
0 0.630231 0.535678 0.008854 0.019494
0 0.344453 0.901592 0.009499 0.021056
0 0.782902 0.834344 0.010002 0.019407
0 0.238603 0.645168 0.011443 0.021154
0 0.007705 0.854993 0.013614 0.030922
0 0.794576 0.607744 0.013251 0.037998
0 0.778814 0.953429 0.008302 0.017270
0 0.560896 0.853819 0.010837 0.031880
0 0.095257 0.506326 0.010899 0.022946
0 0.523322 0.857964 0.012545 0.027106
0 0.607671 0.589689 0.009293 0.018464
0 0.355175 0.546027 0.009742 0.017912
0 0.496335 0.775302 0.008407 0.017706
0 0.544119 0.690181 0.011212 0.023030
0 0.168416 0.317092 0.009361 0.019530
0 0.261303 0.333416 0.009306 0.020744
0 0.382676 0.407601 0.009542 0.019579
0 0.926579 0.688302 0.011039 0.024909
0 0.181637 0.420484 0.008826 0.020263
0 0.411146 0.564472 0.009534 0.019968
0 0.948274 0.014468 0.009011 0.018445
0 0.480026 0.863041 0.009651 0.021240
0 0.318179 0.800913 0.008551 0.018322
0 0.869761 0.134431 0.010577 0.020861
0 0.030421 0.544190 0.011188 0.021422
0 0.647058 0.250097 0.009584 0.019705
0 0.296790 0.851198 0.026098 0.046959
0 0.714964 0.614965 0.012536 0.024616
0 0.637384 0.948220 0.010980 0.023143
0 0.057316 0.302315 0.010813 0.019706
0 0.851429 0.422600 0.012145 0.024353
0 0.540646 0.924202 0.019119 0.035199
0 0.118582 0.151712 0.013049 0.029137
0 0.370345 0.758661 0.011419 0.023372
0 0.971666 0.577955 0.008819 0.023637
0 0.835137 0.610533 0.010128 0.021253
0 0.064260 0.750037 0.009645 0.023764
0 0.741769 0.938728 0.008859 0.020774
0 0.524577 0.638759 0.009751 0.023066
0 0.885180 0.891134 0.010032 0.023194
0 0.536923 0.248895 0.026503 0.052873
0 0.238695 0.553490 0.010614 0.022809
0 0.276291 0.714038 0.008724 0.017946
0 0.069605 0.233695 0.010396 0.022620
0 0.119619 0.864123 0.012362 0.024390
0 0.517603 0.295167 0.014027 0.032794
0 0.394816 0.448563 0.010901 0.024413
0 0.708916 0.732243 0.026559 0.051264
0 0.442706 0.634223 0.011213 0.023285
0 0.763185 0.645965 0.013133 0.027450
0 0.295266 0.775002 0.010226 0.021422
0 0.442995 0.792476 0.011031 0.023309
0 0.112889 0.684423 0.013892 0.030425
0 0.164551 0.651406 0.010414 0.021561
0 0.199375 0.656453 0.012744 0.026195
0 0.120674 0.770768 0.013226 0.027568