0 0.539249 0.706403 0.017436 0.027178
0 0.537507 0.750609 0.015784 0.028201
0 0.531140 0.939732 0.014204 0.028113
0 0.484567 0.612859 0.014206 0.027378
0 0.474954 0.778102 0.019807 0.028877
0 0.445788 0.842033 0.013795 0.027838
0 0.478213 0.753907 0.019441 0.031222
0 0.551666 0.746478 0.012938 0.025789
0 0.472285 0.754679 0.017554 0.028848
0 0.488432 0.794419 0.021449 0.032676
0 0.627338 0.959621 0.017660 0.044501
0 0.519478 0.947650 0.014279 0.037645
0 0.426156 0.866853 0.013154 0.041093
0 0.430292 0.666234 0.020513 0.034090
0 0.600429 0.933998 0.020776 0.045051
0 0.424094 0.915220 0.014445 0.041473
0 0.490676 0.591204 0.016757 0.021740
0 0.439240 0.837921 0.020815 0.037370
0 0.546145 0.723534 0.016125 0.029703
0 0.417410 0.616389 0.022020 0.033571
0 0.360463 0.677726 0.023587 0.032043
0 0.439215 0.753432 0.024162 0.032027
0 0.467261 0.811489 0.012754 0.038163
0 0.410635 0.848246 0.022769 0.032332