0 0.126411 0.627493 0.008590 0.018179
0 0.550755 0.919959 0.011914 0.032524
0 0.291855 0.935181 0.010668 0.024713
0 0.236487 0.436790 0.010356 0.021757
0 0.050172 0.383288 0.009303 0.023507
0 0.286428 0.508501 0.011961 0.026410
0 0.388556 0.704489 0.011635 0.027652
0 0.576381 0.748877 0.012144 0.028039
0 0.045838 0.590521 0.022635 0.051475
0 0.344547 0.698169 0.010461 0.021878
0 0.229287 0.733292 0.014344 0.032842
0 0.737131 0.031767 0.012495 0.032136
0 0.668038 0.810728 0.019158 0.046740
0 0.259480 0.480086 0.012417 0.028766
0 0.326818 0.666857 0.015793 0.031691
0 0.774046 0.892682 0.043268 0.101585
0 0.280293 0.343540 0.016713 0.034095
0 0.539743 0.305204 0.021400 0.051578
0 0.518526 0.851493 0.018471 0.040262
0 0.676851 0.195221 0.022753 0.050638
0 0.851305 0.383103 0.056326 0.111632
0 0.717338 0.619151 0.033820 0.075235