0 0.649551 0.255773 0.017855 0.024711
0 0.395897 0.725886 0.014272 0.024260
0 0.241679 0.853959 0.019316 0.032313
0 0.091015 0.303316 0.015819 0.027844
0 0.585851 0.013651 0.020252 0.027301
0 0.139186 0.299447 0.018067 0.028429
0 0.155892 0.488824 0.027045 0.024040
0 0.706285 0.614149 0.014739 0.028358
0 0.157411 0.851112 0.016026 0.029288
0 0.072787 0.269038 0.015786 0.018064
0 0.785351 0.853848 0.020092 0.034123
0 0.968324 0.754091 0.015634 0.025392
0 0.204462 0.844048 0.014007 0.024162
0 0.024444 0.341455 0.013570 0.020511
0 0.854654 0.855852 0.011599 0.021207
0 0.833347 0.429131 0.013444 0.021751
0 0.879190 0.204042 0.017857 0.029100
0 0.810523 0.541327 0.016326 0.028558
0 0.767447 0.072315 0.038351 0.069319