0 0.067881 0.067600 0.007862 0.017516
0 0.687605 0.534948 0.011368 0.023725
0 0.868982 0.610092 0.008475 0.016350
0 0.763626 0.818840 0.006366 0.015466
0 0.089404 0.103334 0.008704 0.016952
0 0.208275 0.957706 0.014311 0.024440
0 0.471055 0.981945 0.007454 0.014298
0 0.524439 0.958746 0.006194 0.013463
0 0.684242 0.189750 0.007708 0.016990
0 0.084839 0.737299 0.007817 0.013122
0 0.511288 0.685593 0.007310 0.010962
0 0.837007 0.570836 0.007185 0.014335
0 0.246205 0.159234 0.008551 0.017220
0 0.674180 0.252482 0.009680 0.015857
0 0.672666 0.446270 0.009096 0.015856
0 0.813411 0.720850 0.006690 0.015807
0 0.760706 0.590400 0.013086 0.016473
0 0.586282 0.897858 0.007425 0.012971
0 0.804314 0.547910 0.007740 0.014882
0 0.250333 0.710765 0.008490 0.013739
0 0.013645 0.292936 0.009061 0.014276
0 0.939112 0.697121 0.016479 0.031794
0 0.270210 0.494461 0.007048 0.013689
0 0.401679 0.462499 0.007941 0.015357
0 0.440964 0.572735 0.007677 0.013021
0 0.455249 0.348336 0.007828 0.014597
0 0.943147 0.497910 0.009308 0.018862
0 0.305272 0.981010 0.015809 0.030891
0 0.249250 0.658863 0.010999 0.021110
0 0.836411 0.799441 0.008441 0.018287
0 0.731796 0.405751 0.008021 0.014940
0 0.579727 0.391779 0.007921 0.012846
0 0.259678 0.446510 0.008812 0.018398
0 0.475588 0.287376 0.016381 0.022610
0 0.738906 0.623711 0.009024 0.016853
0 0.620013 0.032884 0.009895 0.017644
0 0.256234 0.097893 0.009206 0.015044
0 0.699862 0.490558 0.010259 0.018782
0 0.617875 0.774341 0.006992 0.012653
0 0.778616 0.929268 0.010121 0.019491
0 0.446887 0.614926 0.007572 0.012742
0 0.013103 0.797592 0.007873 0.013037
0 0.762156 0.705693 0.008629 0.015772
0 0.370164 0.342446 0.007659 0.014372
0 0.723934 0.355847 0.007610 0.014495
0 0.390818 0.407104 0.012060 0.023625
0 0.101209 0.171910 0.008943 0.016712
0 0.521815 0.804011 0.007185 0.014489
0 0.798374 0.885215 0.009500 0.018190
0 0.006744 0.668646 0.013384 0.023029
0 0.031719 0.348197 0.010142 0.014784
0 0.927758 0.607655 0.015366 0.028449
0 0.849774 0.738834 0.008505 0.017785
0 0.139783 0.685761 0.010406 0.016481
0 0.823911 0.626911 0.011753 0.018783
0 0.234535 0.797567 0.011718 0.018473
0 0.072722 0.938064 0.011533 0.014975
0 0.404084 0.530992 0.009289 0.013288
0 0.294176 0.720706 0.007828 0.015178
0 0.435665 0.715189 0.007282 0.012443
0 0.773529 0.961502 0.011366 0.022157
0 0.434170 0.984417 0.007455 0.015567
0 0.619916 0.825860 0.007019 0.016548
0 0.099389 0.845825 0.009250 0.013422
0 0.527083 0.358450 0.011276 0.018357
0 0.590766 0.871528 0.007736 0.012942
0 0.562353 0.793697 0.008983 0.013456
0 0.656533 0.668632 0.013546 0.029114
0 0.088136 0.924458 0.009822 0.015899
0 0.497608 0.483609 0.012228 0.021152
0 0.245934 0.644365 0.009093 0.018741
0 0.420628 0.971608 0.012352 0.020227
0 0.450019 0.717537 0.011219 0.013650
0 0.140396 0.644217 0.008877 0.014216
0 0.652217 0.919548 0.011851 0.018892
0 0.584407 0.484087 0.009558 0.013988
0 0.465982 0.494471 0.014606 0.020269
0 0.583099 0.971456 0.009346 0.017166
0 0.407087 0.711053 0.011681 0.015196
0 0.669142 0.832490 0.009445 0.019024
0 0.253462 0.893667 0.016591 0.022621
0 0.495812 0.842727 0.013387 0.019591
0 0.470637 0.531736 0.011028 0.019640