0 0.692482 0.757088 0.018061 0.022868
0 0.287674 0.297223 0.023697 0.029340
0 0.486186 0.689227 0.015481 0.026241
0 0.837442 0.004497 0.015527 0.008950
0 0.597643 0.603158 0.016320 0.020807
0 0.445382 0.912336 0.023790 0.028971
0 0.882796 0.007595 0.014839 0.015190
0 0.914209 0.474070 0.026356 0.045746
0 0.284757 0.246760 0.014460 0.018011
0 0.351448 0.211715 0.016653 0.021231
0 0.970767 0.554598 0.017147 0.026935
0 0.984696 0.595860 0.019143 0.034624
0 0.408102 0.497254 0.016655 0.025088
0 0.410529 0.016551 0.016213 0.020949
0 0.833991 0.202620 0.012129 0.026369
0 0.768717 0.379130 0.013538 0.023919
0 0.934159 0.020238 0.013454 0.019265
0 0.342920 0.154989 0.021524 0.027444
0 0.696958 0.409054 0.016518 0.023689
0 0.218875 0.206643 0.027908 0.028538
0 0.174032 0.414849 0.017166 0.021420
0 0.273117 0.406622 0.017856 0.022971
0 0.611397 0.523118 0.020134 0.030178
0 0.745075 0.600515 0.015013 0.021845
0 0.671838 0.291941 0.014729 0.022660
0 0.195466 0.447700 0.022454 0.019822
0 0.698730 0.425190 0.014886 0.018530
0 0.715607 0.125418 0.012191 0.019116
0 0.453614 0.340932 0.019349 0.032304
0 0.193033 0.236092 0.017851 0.022751
0 0.271043 0.239614 0.013977 0.020848
0 0.241471 0.375764 0.018651 0.022067
0 0.871393 0.187368 0.014234 0.022793
0 0.389543 0.152214 0.022796 0.022530
0 0.423799 0.110765 0.020658 0.021253
0 0.701914 0.219323 0.012655 0.020668
0 0.776614 0.564634 0.017521 0.022359
0 0.357122 0.166919 0.018576 0.025072
0 0.745458 0.441716 0.016240 0.026453
0 0.361417 0.326387 0.020024 0.020734
0 0.307314 0.251847 0.018610 0.019725
0 0.295516 0.313850 0.018091 0.021691
0 0.655625 0.218964 0.014708 0.019576
0 0.839167 0.173115 0.014185 0.023274
0 0.587006 0.580463 0.018400 0.026182
0 0.196424 0.422067 0.022054 0.026048
0 0.521117 0.661032 0.019559 0.033120
0 0.794830 0.507507 0.017322 0.028800
0 0.696736 0.138944 0.014814 0.022459
0 0.506008 0.050129 0.015027 0.023569
0 0.797490 0.136209 0.015609 0.022857
0 0.069901 0.542347 0.030520 0.031472
0 0.027557 0.185417 0.017274 0.025151
0 0.674070 0.580158 0.020565 0.025686
0 0.472105 0.286345 0.019488 0.029273
0 0.061601 0.171328 0.018865 0.019214
0 0.258756 0.296547 0.023768 0.027590
0 0.796586 0.405302 0.019088 0.021944
0 0.512976 0.184933 0.015325 0.023392
0 0.372056 0.204793 0.028548 0.023836
0 0.237196 0.530140 0.023072 0.036926
0 0.594534 0.132476 0.016923 0.022636
0 0.054851 0.306424 0.022960 0.031481
0 0.748689 0.402652 0.019725 0.030745
0 0.447115 0.110803 0.025468 0.030548
0 0.946994 0.414317 0.025502 0.036926
0 0.478679 0.113628 0.018451 0.022533
0 0.871367 0.285922 0.018872 0.027942
0 0.854746 0.127304 0.019487 0.030119
0 0.490407 0.190556 0.021854 0.024518
0 0.112368 0.189589 0.024652 0.023379
0 0.569624 0.064349 0.017773 0.021971
0 0.986121 0.034168 0.026229 0.044596
0 0.851786 0.272769 0.019118 0.025124
0 0.434913 0.189577 0.019588 0.021036
0 0.840004 0.536431 0.024745 0.035802
0 0.889392 0.379440 0.023705 0.030633
0 0.637762 0.299214 0.022651 0.024089
0 0.955651 0.350868 0.021908 0.026863
0 0.479729 0.043432 0.025426 0.033820
0 0.541045 0.253224 0.030514 0.031740
0 0.529276 0.218168 0.024328 0.029227
0 0.302212 0.084894 0.038682 0.038291