0 0.143632 0.883851 0.011736 0.035014
0 0.601857 0.639509 0.012120 0.027245
0 0.102264 0.613227 0.011597 0.043617
0 0.917672 0.243629 0.014778 0.034176
0 0.871915 0.252794 0.027262 0.055294
0 0.366834 0.929502 0.012405 0.033862
0 0.122616 0.792327 0.007939 0.014209
0 0.864309 0.210185 0.021873 0.039361
0 0.468483 0.640659 0.012387 0.022278
0 0.595797 0.800671 0.010910 0.030516
0 0.608016 0.325255 0.007552 0.016591
0 0.976089 0.364523 0.012821 0.031605
0 0.477302 0.767815 0.014813 0.022033
0 0.324254 0.586087 0.011317 0.019576
0 0.015687 0.024865 0.014660 0.029001
0 0.350103 0.036076 0.009896 0.020422
0 0.516135 0.162910 0.010075 0.018259
0 0.475165 0.594464 0.009916 0.020902