0 0.952633 0.233762 0.013067 0.025224
0 0.110538 0.147431 0.015912 0.033339
0 0.362212 0.660416 0.007974 0.014743
0 0.980623 0.609596 0.007509 0.015264
0 0.739526 0.806580 0.018747 0.043804
0 0.439094 0.696913 0.007281 0.012485
0 0.581034 0.255119 0.006891 0.017059
0 0.942337 0.763036 0.024559 0.046630
0 0.897289 0.196169 0.029400 0.062925
0 0.533061 0.628659 0.007940 0.015183
0 0.288476 0.460019 0.008244 0.014381
0 0.337094 0.722423 0.009982 0.017063
0 0.610087 0.255173 0.010579 0.026068
0 0.230656 0.733343 0.010879 0.022032
0 0.808545 0.293540 0.022821 0.037391