0 0.547604 0.595186 0.011130 0.012735
0 0.751450 0.492503 0.008088 0.014090
0 0.329155 0.945664 0.008718 0.015193
0 0.403005 0.828677 0.013736 0.013759
0 0.441685 0.892406 0.014852 0.016982
0 0.450759 0.169945 0.012202 0.022114
0 0.519311 0.756510 0.011685 0.020501
0 0.485604 0.833784 0.018499 0.019658
0 0.553760 0.377348 0.008881 0.017116
0 0.434746 0.289169 0.008708 0.015739
0 0.753735 0.630221 0.008282 0.016261
0 0.475489 0.339367 0.011835 0.015592
0 0.411354 0.988270 0.010510 0.015189
0 0.425137 0.337050 0.017672 0.017534
0 0.212431 0.627373 0.011754 0.019354
0 0.552728 0.610907 0.010777 0.015206
0 0.525010 0.657191 0.008704 0.026788
0 0.456896 0.949776 0.011861 0.015326
0 0.881438 0.470386 0.010229 0.022519
0 0.600125 0.127458 0.011934 0.017061
0 0.311670 0.322973 0.014097 0.025216
0 0.929709 0.557977 0.010079 0.019637
0 0.443865 0.768302 0.016146 0.016395
0 0.561579 0.562148 0.011037 0.013054
0 0.434970 0.324820 0.020768 0.021955
0 0.467363 0.277725 0.008816 0.014505
0 0.481771 0.349519 0.012409 0.014729
0 0.646423 0.580328 0.010999 0.016257
0 0.555929 0.520641 0.009107 0.015062
0 0.515908 0.565195 0.009435 0.012233
0 0.589197 0.443515 0.011362 0.019052
0 0.417584 0.964789 0.018371 0.017876
0 0.550536 0.024371 0.011312 0.014532
0 0.536096 0.085584 0.010525 0.013280
0 0.480344 0.269090 0.013721 0.019192
0 0.551724 0.043262 0.009596 0.016420
0 0.520228 0.261081 0.011353 0.018769
0 0.451274 0.683709 0.027052 0.025583
0 0.122483 0.025346 0.012599 0.018145
0 0.487820 0.376333 0.009062 0.013484
0 0.516105 0.284293 0.012315 0.018567
0 0.482343 0.630625 0.011534 0.019157
0 0.373864 0.253571 0.013928 0.016231
0 0.147816 0.263592 0.021093 0.024005
0 0.448760 0.548548 0.012581 0.019671
0 0.458257 0.491762 0.012993 0.016105
0 0.374797 0.805818 0.018345 0.019556
0 0.475659 0.549544 0.012282 0.016773
0 0.465912 0.139009 0.017162 0.016407
0 0.333273 0.401133 0.011193 0.018529
0 0.322388 0.714296 0.012327 0.016244
0 0.285193 0.520449 0.012489 0.018346