0 0.996916 0.156342 0.005315 0.017845
0 0.587491 0.379556 0.009529 0.018204
0 0.565035 0.324432 0.008035 0.015495
0 0.157267 0.958897 0.008853 0.015194
0 0.122496 0.853233 0.009483 0.015389
0 0.513818 0.371985 0.006734 0.016030
0 0.075812 0.222888 0.007887 0.016595
0 0.106103 0.698743 0.007690 0.016620
0 0.289508 0.484407 0.007049 0.016570
0 0.242805 0.433843 0.006638 0.014470
0 0.748420 0.691575 0.006271 0.012904
0 0.272861 0.066119 0.007454 0.016104
0 0.011661 0.468034 0.010359 0.019441
0 0.063760 0.710689 0.016979 0.021062
0 0.863528 0.615902 0.008100 0.014993
0 0.254584 0.127879 0.006715 0.015812
0 0.723873 0.715735 0.007163 0.013739
0 0.165241 0.431965 0.006126 0.013246
0 0.768417 0.599664 0.006157 0.011761
0 0.097933 0.191429 0.006495 0.013046
0 0.589080 0.417820 0.008674 0.025545
0 0.676635 0.441508 0.006441 0.015195
0 0.091186 0.706384 0.010248 0.019908
0 0.664847 0.138121 0.006744 0.013462
0 0.578389 0.432154 0.012357 0.024627
0 0.388193 0.531140 0.008128 0.020149
0 0.386171 0.246440 0.008374 0.014793
0 0.112311 0.489588 0.007557 0.016069
0 0.728349 0.778255 0.006424 0.016841
0 0.709497 0.128568 0.007579 0.017583
0 0.360195 0.555457 0.009680 0.020429
0 0.166137 0.376369 0.008560 0.021250
0 0.218949 0.382057 0.007622 0.016557
0 0.309981 0.210457 0.007314 0.014621
0 0.573840 0.811349 0.007800 0.020817
0 0.784499 0.819885 0.007777 0.018516
0 0.609007 0.736637 0.009647 0.021679
0 0.043407 0.282043 0.006459 0.018481
0 0.766556 0.800712 0.006812 0.017154
0 0.739241 0.895098 0.007824 0.020890
0 0.250427 0.078460 0.008953 0.018020
0 0.747250 0.832401 0.007803 0.019488
0 0.555517 0.121593 0.007298 0.018635
0 0.729052 0.524765 0.008838 0.016353
0 0.338891 0.401324 0.008267 0.022245
0 0.941300 0.343780 0.008469 0.019302
0 0.260711 0.041205 0.012540 0.024427
0 0.893067 0.029840 0.007098 0.015564
0 0.317552 0.405230 0.008300 0.019744
0 0.780102 0.704345 0.008081 0.017928
0 0.181674 0.035760 0.008599 0.016801
0 0.964536 0.119207 0.009746 0.019359
0 0.236514 0.330382 0.019214 0.043976