0 0.252122 0.196770 0.021207 0.038361
0 0.138301 0.343997 0.010097 0.018263
0 0.230711 0.391045 0.010743 0.018362
0 0.008547 0.435547 0.009822 0.020380
0 0.249304 0.273809 0.014232 0.027370
0 0.362274 0.476402 0.012025 0.018612
0 0.953788 0.165790 0.009908 0.021119
0 0.626637 0.063545 0.011020 0.018875
0 0.231219 0.353038 0.012122 0.020238
0 0.088458 0.566536 0.010447 0.015848
0 0.864015 0.591181 0.010415 0.019858
0 0.175883 0.388063 0.009466 0.016542
0 0.790198 0.637310 0.012785 0.021652
0 0.893358 0.981166 0.012598 0.027958
0 0.312241 0.366022 0.014756 0.028421
0 0.926714 0.130394 0.008370 0.019879
0 0.759660 0.748810 0.009705 0.019004
0 0.005397 0.281445 0.010794 0.025174
0 0.053320 0.346204 0.016350 0.021784
0 0.597019 0.642498 0.011407 0.022058
0 0.577271 0.892447 0.017954 0.035237
0 0.077327 0.475346 0.010532 0.019501
0 0.547937 0.074277 0.020158 0.027044
0 0.017488 0.060455 0.010113 0.019479
0 0.199898 0.330662 0.011592 0.018287
0 0.185050 0.486132 0.009415 0.018359
0 0.057439 0.119469 0.011633 0.020944
0 0.094110 0.286241 0.018846 0.022042
0 0.101683 0.622833 0.035767 0.066364
0 0.179234 0.412915 0.012706 0.020106
0 0.237659 0.519262 0.011922 0.019099
0 0.338497 0.668920 0.014412 0.021605
0 0.117032 0.207545 0.017631 0.024828