0 0.276899 0.549943 0.014312 0.025978
0 0.146632 0.601727 0.013594 0.031035
0 0.471393 0.805500 0.017541 0.037102
0 0.830003 0.278484 0.013339 0.025173
0 0.879947 0.104698 0.014649 0.028629
0 0.939224 0.035537 0.017835 0.038496
0 0.006771 0.043637 0.013543 0.025366
0 0.284080 0.732613 0.014629 0.032429
0 0.664770 0.364044 0.013694 0.029516
0 0.032077 0.058936 0.017035 0.030741
0 0.415012 0.493818 0.015154 0.031075
0 0.366692 0.844614 0.014399 0.026882
0 0.328162 0.471347 0.017984 0.033777
0 0.434581 0.536084 0.018528 0.034139
0 0.243849 0.058026 0.017503 0.032504
0 0.431701 0.438644 0.025631 0.053024
0 0.445081 0.271230 0.014825 0.028673
0 0.232804 0.118305 0.018095 0.033398
0 0.221893 0.981070 0.028923 0.037324
0 0.419205 0.901689 0.056983 0.115407
0 0.193520 0.542885 0.024272 0.030315
0 0.910406 0.080759 0.018901 0.034852
0 0.072965 0.551407 0.020847 0.038407
0 0.304358 0.620972 0.020170 0.036241
0 0.272640 0.387301 0.029097 0.049901
0 0.693562 0.507532 0.021166 0.041092
0 0.085119 0.683380 0.021635 0.043379
0 0.055923 0.487134 0.029193 0.050995
0 0.211211 0.492810 0.028945 0.052761
0 0.285932 0.345462 0.029696 0.053786