0 0.712109 0.727658 0.007162 0.019761
0 0.053535 0.403787 0.010553 0.018937
0 0.142491 0.076484 0.015450 0.027134
0 0.174453 0.060075 0.012153 0.022334
0 0.374806 0.915525 0.007813 0.018343
0 0.537629 0.654148 0.007278 0.013223
0 0.067935 0.272718 0.007203 0.012112
0 0.771361 0.672395 0.007789 0.015787
0 0.203264 0.228818 0.011469 0.021980
0 0.875256 0.171687 0.007992 0.018971
0 0.419218 0.735126 0.006278 0.015284
0 0.324744 0.344503 0.013811 0.031762
0 0.596455 0.761428 0.010591 0.023818
0 0.315748 0.609046 0.010163 0.020371
0 0.122388 0.677849 0.013811 0.024697
0 0.647085 0.051164 0.012774 0.025566
0 0.952733 0.390370 0.006925 0.015317
0 0.324099 0.829654 0.007903 0.012612
0 0.050972 0.339008 0.010416 0.021654
0 0.918576 0.634171 0.016057 0.025340
0 0.902269 0.502901 0.009947 0.018500
0 0.123020 0.741446 0.010121 0.019326
0 0.238566 0.597340 0.008190 0.014084
0 0.245124 0.438784 0.010714 0.024914
0 0.257523 0.970875 0.015831 0.028855
0 0.408226 0.924191 0.011842 0.015933
0 0.013036 0.078769 0.007710 0.014929
0 0.862626 0.557675 0.012184 0.027727
0 0.599915 0.334742 0.008604 0.018216
0 0.368026 0.602111 0.007474 0.019921
0 0.125332 0.394238 0.011086 0.020836
0 0.822299 0.930746 0.024679 0.049107
0 0.561047 0.818407 0.007425 0.013447
0 0.973077 0.852784 0.007953 0.019244
0 0.176764 0.422678 0.010950 0.021294
0 0.383697 0.690440 0.008612 0.014372
0 0.275608 0.495281 0.010951 0.018114
0 0.817712 0.364147 0.007486 0.016146
0 0.318732 0.572909 0.007808 0.016291
0 0.389304 0.969077 0.008781 0.014454
0 0.332380 0.761672 0.011842 0.014037
0 0.196832 0.513973 0.010914 0.019927
0 0.379730 0.858368 0.012007 0.019946
0 0.391182 0.047340 0.013870 0.023876
0 0.386686 0.555868 0.008823 0.018630
0 0.049914 0.226703 0.008859 0.017708
0 0.342074 0.425612 0.008656 0.014811
0 0.492835 0.670613 0.008639 0.015675
0 0.357226 0.680916 0.008513 0.016674
0 0.410203 0.866972 0.006981 0.014132
0 0.247077 0.613030 0.010738 0.016596
0 0.456763 0.721622 0.008995 0.020545
0 0.372788 0.843082 0.008528 0.017428
0 0.161209 0.150328 0.010134 0.016344
0 0.215978 0.328258 0.009975 0.022347
0 0.160127 0.195426 0.009564 0.015884
0 0.425576 0.871576 0.007767 0.015352
0 0.377537 0.747922 0.009474 0.017989
0 0.115992 0.873860 0.010294 0.020466
0 0.267771 0.561594 0.009831 0.018617
0 0.787820 0.619322 0.011020 0.023305
0 0.148290 0.421541 0.009736 0.017275
0 0.260164 0.501623 0.011897 0.020794
0 0.338785 0.520256 0.010884 0.021331