0 0.602987 0.553162 0.007148 0.016032
0 0.156908 0.137984 0.010381 0.016796
0 0.689121 0.166160 0.007716 0.013453
0 0.130473 0.990899 0.008636 0.016162
0 0.121661 0.870974 0.011679 0.015563
0 0.326881 0.349069 0.014126 0.024356
0 0.145307 0.464371 0.008358 0.013887
0 0.097016 0.343160 0.013638 0.026014
0 0.163616 0.076187 0.010082 0.019772
0 0.024326 0.431907 0.008131 0.016204
0 0.674297 0.636412 0.008063 0.016326
0 0.747740 0.159275 0.006966 0.015620
0 0.611742 0.220863 0.008117 0.012811
0 0.117454 0.593350 0.009247 0.018086
0 0.094458 0.188540 0.009398 0.014114
0 0.958693 0.516415 0.018870 0.030920
0 0.179478 0.050280 0.011196 0.020998
0 0.378031 0.735697 0.009470 0.014725
0 0.067619 0.103783 0.012332 0.027996
0 0.278465 0.454391 0.017134 0.032433
0 0.541800 0.046551 0.010282 0.019705
0 0.413970 0.090636 0.008523 0.015665
0 0.075613 0.061838 0.010603 0.021076
0 0.421593 0.758892 0.010240 0.027288
0 0.487739 0.145448 0.009030 0.016760
0 0.453749 0.265397 0.021488 0.042339
0 0.212236 0.079201 0.012519 0.019354
0 0.095852 0.813163 0.008365 0.017893
0 0.148944 0.158689 0.010047 0.016325
0 0.063746 0.848543 0.008080 0.016666
0 0.141805 0.942474 0.009814 0.015522
0 0.050871 0.012472 0.015007 0.024840
0 0.441788 0.112627 0.009144 0.015889
0 0.169770 0.449691 0.010377 0.015993
0 0.108755 0.553993 0.022243 0.035613
0 0.307231 0.833808 0.011951 0.018765
0 0.023373 0.228138 0.029340 0.039031
0 0.293624 0.305280 0.026249 0.047743
0 0.131100 0.417274 0.013422 0.021181
0 0.159406 0.335853 0.022023 0.042097
0 0.249843 0.232945 0.035860 0.064960
0 0.617699 0.792482 0.011532 0.022490