0 0.186327 0.378689 0.012068 0.026055
0 0.624830 0.429723 0.019570 0.038646
0 0.051180 0.685131 0.009361 0.022460
0 0.210413 0.688508 0.009089 0.021876
0 0.877173 0.931752 0.013859 0.033426
0 0.861089 0.634415 0.013185 0.030761
0 0.595621 0.355476 0.016671 0.037399
0 0.865363 0.717341 0.013439 0.029548
0 0.928260 0.844528 0.014894 0.035750
0 0.919371 0.181689 0.016965 0.034997
0 0.422596 0.468606 0.017002 0.034843
0 0.497506 0.609996 0.016897 0.036975
0 0.132153 0.715695 0.009917 0.021374
0 0.656035 0.738181 0.017380 0.036831
0 0.773250 0.960766 0.013377 0.035136
0 0.060909 0.589220 0.017498 0.036054
0 0.641973 0.582526 0.017636 0.040890
0 0.825105 0.932680 0.020201 0.044550
0 0.862214 0.483594 0.013105 0.031127
0 0.827866 0.481871 0.014621 0.031205
0 0.195621 0.866152 0.012513 0.025567
0 0.101472 0.306769 0.011687 0.024937
0 0.159665 0.764451 0.010743 0.025421
0 0.341441 0.863727 0.018424 0.037093
0 0.369752 0.769300 0.019134 0.036326
0 0.292708 0.623740 0.040249 0.090520
0 0.110568 0.544384 0.012508 0.024172
0 0.928324 0.535332 0.014989 0.037498
0 0.223185 0.898994 0.011036 0.020432
0 0.874163 0.564978 0.016111 0.033779
0 0.057535 0.775415 0.013979 0.032150
0 0.146506 0.854112 0.017258 0.032847
0 0.335980 0.285530 0.040042 0.072099
0 0.052819 0.483512 0.021393 0.052162
0 0.681073 0.472855 0.024030 0.049868
0 0.122510 0.472542 0.015199 0.030910
0 0.219686 0.462834 0.024411 0.045216
0 0.146486 0.384119 0.021286 0.042924
0 0.626171 0.091445 0.044847 0.087891