0 0.466281 0.664801 0.010112 0.016517
0 0.832814 0.193825 0.010868 0.020088
0 0.381506 0.707321 0.022764 0.026972
0 0.549987 0.322283 0.008499 0.015270
0 0.277015 0.098880 0.007158 0.014189
0 0.860292 0.143187 0.008956 0.016054
0 0.488377 0.690045 0.008878 0.016236
0 0.181053 0.970087 0.008302 0.013136
0 0.403542 0.466258 0.013235 0.017524
0 0.125940 0.301988 0.007738 0.016136
0 0.425556 0.914519 0.008472 0.016183
0 0.130668 0.011597 0.007739 0.015278
0 0.974146 0.989343 0.013740 0.018625
0 0.456852 0.509106 0.011948 0.020045
0 0.429307 0.837059 0.011356 0.020191
0 0.252420 0.120523 0.008607 0.017240
0 0.219960 0.104878 0.008984 0.016521
0 0.825636 0.543762 0.011466 0.025630
0 0.134473 0.328459 0.010188 0.016498
0 0.229400 0.029623 0.008750 0.016723
0 0.268409 0.147545 0.010127 0.020106
0 0.388633 0.616841 0.009849 0.016774
0 0.034290 0.899354 0.016736 0.035074
0 0.871441 0.373744 0.010799 0.021873
0 0.408918 0.510246 0.017962 0.031912
0 0.806849 0.261925 0.011786 0.023410
0 0.434067 0.574322 0.014322 0.023727
0 0.659216 0.859064 0.016176 0.032298
0 0.313273 0.633993 0.015436 0.021121
0 0.465846 0.631230 0.017076 0.030376