0 0.280361 0.204982 0.014104 0.024091
0 0.200443 0.934020 0.022792 0.037622
0 0.403661 0.752733 0.033767 0.028793
0 0.902768 0.728448 0.027650 0.040254
0 0.786289 0.625370 0.019305 0.024507
0 0.119150 0.777914 0.020793 0.023211
0 0.848987 0.549354 0.020540 0.026471
0 0.608415 0.922075 0.016079 0.035533
0 0.141642 0.896641 0.039914 0.038062
0 0.115042 0.637841 0.020079 0.025671
0 0.913049 0.635002 0.019370 0.022587
0 0.259555 0.238535 0.021800 0.037158
0 0.618131 0.417061 0.020867 0.029534
0 0.771449 0.570610 0.018956 0.023221
0 0.117347 0.452206 0.021983 0.037003
0 0.021967 0.546132 0.017042 0.030909
0 0.612437 0.307193 0.015596 0.023192
0 0.767014 0.409577 0.013946 0.028633
0 0.946108 0.016821 0.018057 0.032672
0 0.095603 0.192194 0.017439 0.031802
0 0.990776 0.551245 0.016489 0.029466
0 0.562624 0.169544 0.017824 0.024893
0 0.503267 0.247741 0.017039 0.024734
0 0.985008 0.438572 0.018373 0.033570
0 0.894180 0.801248 0.018799 0.032409
0 0.868277 0.454402 0.022265 0.036383
0 0.586211 0.314487 0.017237 0.026041
0 0.778816 0.507268 0.018123 0.024583
0 0.023458 0.902117 0.021036 0.022751
0 0.742046 0.701969 0.022029 0.028572
0 0.098175 0.975035 0.025874 0.026762
0 0.460977 0.212810 0.017184 0.023407
0 0.271008 0.674595 0.024298 0.026348
0 0.645180 0.030218 0.028838 0.031827
0 0.347136 0.359849 0.026441 0.030808
0 0.169768 0.412015 0.029484 0.029024
0 0.484512 0.566564 0.023406 0.041141
0 0.417906 0.391550 0.020321 0.031116
0 0.413999 0.619326 0.023209 0.021711
0 0.313629 0.210786 0.021408 0.027428
0 0.897781 0.607166 0.027490 0.031157
0 0.683720 0.696130 0.021273 0.028931
0 0.032416 0.605681 0.026292 0.027496
0 0.440980 0.103697 0.017202 0.031358
0 0.829196 0.532634 0.024465 0.037574
0 0.918119 0.851100 0.023605 0.030962
0 0.289146 0.971672 0.034187 0.034597
0 0.827752 0.035823 0.022271 0.040610
0 0.688532 0.906717 0.029085 0.027507
0 0.562607 0.510769 0.025844 0.045173
0 0.955371 0.469614 0.025082 0.028775
0 0.337273 0.140560 0.020800 0.026644
0 0.591899 0.161026 0.021262 0.025216
0 0.192719 0.156412 0.024074 0.041007
0 0.583321 0.274224 0.026474 0.038016
0 0.642235 0.768560 0.033106 0.035293
0 0.031597 0.071490 0.031441 0.055493
0 0.922904 0.371538 0.034556 0.041678
0 0.526258 0.335886 0.027459 0.033493