0 0.090591 0.714266 0.018658 0.029728
0 0.290850 0.560256 0.014971 0.019137
0 0.753196 0.808246 0.014046 0.022906
0 0.278789 0.177972 0.040912 0.044067
0 0.793933 0.726269 0.013789 0.020929
0 0.436326 0.915735 0.015541 0.023582
0 0.324578 0.661605 0.019245 0.030778
0 0.305362 0.163780 0.014506 0.020441
0 0.550115 0.619234 0.021090 0.027845
0 0.136937 0.811464 0.011934 0.023345
0 0.353796 0.752171 0.020050 0.035386
0 0.140328 0.518457 0.023816 0.025337
0 0.231143 0.536528 0.018513 0.030441
0 0.236647 0.499228 0.015688 0.027273
0 0.934485 0.891293 0.017380 0.026444
0 0.401046 0.561652 0.015874 0.020583
0 0.307783 0.903716 0.038633 0.055508
0 0.517372 0.230837 0.012240 0.021327
0 0.790063 0.417529 0.026237 0.034125
0 0.649146 0.521254 0.013385 0.023225
0 0.347928 0.169083 0.018692 0.029607
0 0.418424 0.311403 0.015267 0.023776
0 0.755379 0.399347 0.016887 0.025862
0 0.288402 0.772018 0.017406 0.034033
0 0.709383 0.239063 0.015906 0.022867
0 0.134690 0.063117 0.015834 0.019323
0 0.487462 0.415121 0.014606 0.026759
0 0.334570 0.838934 0.048601 0.075639
0 0.071948 0.744778 0.016775 0.027466
0 0.543932 0.316205 0.016213 0.025852
0 0.285793 0.507316 0.029527 0.041644
0 0.179273 0.748702 0.021332 0.026249
0 0.411127 0.968026 0.020147 0.026690
0 0.359892 0.642931 0.021847 0.024275
0 0.593462 0.813805 0.038027 0.047609
0 0.534586 0.785763 0.042247 0.037846
0 0.287568 0.381524 0.025486 0.037331
0 0.748560 0.688454 0.022246 0.031902
0 0.207670 0.550412 0.032133 0.050566