0 0.524238 0.571147 0.020487 0.042202
0 0.534460 0.255323 0.020603 0.036582
0 0.840268 0.726830 0.023091 0.045452
0 0.261885 0.383556 0.019894 0.034773
0 0.983628 0.495497 0.020551 0.039279
0 0.610702 0.477878 0.020062 0.038687
0 0.914247 0.621275 0.022563 0.045042
0 0.132339 0.964292 0.024266 0.040541
0 0.029236 0.518092 0.026665 0.052273
0 0.102749 0.725361 0.019474 0.039750
0 0.833989 0.366159 0.022047 0.042348
0 0.756188 0.097153 0.022363 0.042673
0 0.825850 0.777577 0.021671 0.038274
0 0.325641 0.902301 0.020814 0.039430
0 0.239093 0.642164 0.022624 0.043883
0 0.724286 0.597531 0.020604 0.045473
0 0.598424 0.104271 0.022642 0.042593
0 0.870483 0.801754 0.028505 0.046513
0 0.636097 0.669248 0.024916 0.045256
0 0.174882 0.846524 0.021370 0.035062
0 0.615634 0.899968 0.019335 0.034664
0 0.729520 0.929148 0.017503 0.030717
0 0.087330 0.358557 0.032593 0.049863
0 0.125467 0.761761 0.021989 0.043452
0 0.640186 0.913753 0.017877 0.030709
0 0.026083 0.868593 0.025650 0.046980
0 0.068294 0.819579 0.022405 0.034960
0 0.675430 0.332832 0.022901 0.039204
0 0.097954 0.075437 0.026002 0.047983
0 0.038618 0.915995 0.033317 0.059967
0 0.615623 0.364607 0.031383 0.057381
0 0.039778 0.139481 0.022148 0.044933
0 0.562978 0.262330 0.025739 0.038464
0 0.826141 0.039496 0.043163 0.078671
0 0.447678 0.222061 0.025979 0.041806
0 0.208202 0.113108 0.031114 0.057839