0 0.381680 0.370151 0.013630 0.024199
0 0.033030 0.944858 0.017427 0.041826
0 0.531564 0.241017 0.014282 0.027300
0 0.401508 0.343350 0.016884 0.025269
0 0.090315 0.657379 0.015577 0.035549
0 0.747274 0.377948 0.010987 0.030847
0 0.303220 0.166778 0.017827 0.044052
0 0.237309 0.017476 0.023441 0.034602
0 0.970076 0.145877 0.018465 0.036127
0 0.746932 0.517050 0.012780 0.026502
0 0.916741 0.502771 0.014714 0.025096
0 0.814737 0.645457 0.015693 0.027865
0 0.644323 0.883160 0.019942 0.040570
0 0.972844 0.380908 0.017004 0.036133
0 0.895912 0.087673 0.019963 0.032724
0 0.200256 0.265085 0.022083 0.046252
0 0.259762 0.556356 0.017590 0.035481
0 0.539531 0.065720 0.022386 0.044903
0 0.532050 0.674654 0.019498 0.031114