0 0.758650 0.757311 0.010807 0.022858
0 0.836242 0.474845 0.012148 0.030393
0 0.722763 0.781782 0.014340 0.029755
0 0.266112 0.059851 0.020722 0.039741
0 0.067917 0.759789 0.011521 0.027006
0 0.681044 0.737572 0.014181 0.032541
0 0.639075 0.935079 0.012813 0.025510
0 0.249059 0.893736 0.013407 0.027674
0 0.045663 0.921472 0.029727 0.055442
0 0.748345 0.267771 0.013366 0.028903
0 0.801348 0.522454 0.018027 0.032763
0 0.753861 0.141470 0.016106 0.034302
0 0.121690 0.273255 0.017282 0.037956
0 0.574393 0.296387 0.019626 0.040058