0 0.171073 0.551306 0.013720 0.021723
0 0.432829 0.231268 0.006885 0.014989
0 0.792231 0.695574 0.010287 0.022545
0 0.176231 0.841140 0.006148 0.012275
0 0.523549 0.966421 0.012725 0.019715
0 0.021282 0.672893 0.011642 0.018452
0 0.656354 0.970003 0.006987 0.015616
0 0.271418 0.972888 0.006257 0.012724
0 0.052119 0.589493 0.006006 0.012666
0 0.797779 0.187625 0.007522 0.014444
0 0.175018 0.548828 0.006526 0.014932
0 0.389447 0.984587 0.006888 0.014955
0 0.122545 0.947607 0.009617 0.018848
0 0.094347 0.582106 0.007343 0.012877
0 0.046510 0.724214 0.009160 0.017977
0 0.073125 0.747047 0.007963 0.015914
0 0.592622 0.973212 0.007621 0.015224
0 0.351731 0.518045 0.008131 0.015080
0 0.684749 0.047474 0.007405 0.013690
0 0.564095 0.567147 0.006845 0.015365
0 0.648706 0.450332 0.007465 0.020225
0 0.750201 0.101854 0.006239 0.013853
0 0.840979 0.526020 0.006647 0.018832
0 0.167999 0.553936 0.007822 0.015660
0 0.592612 0.582573 0.007418 0.016590
0 0.451845 0.472679 0.007146 0.017168
0 0.546665 0.433754 0.007448 0.013139
0 0.159598 0.544518 0.007183 0.012856
0 0.026211 0.734051 0.008965 0.020966
0 0.101472 0.811977 0.007755 0.014912
0 0.047071 0.841371 0.007926 0.013803
0 0.082267 0.709939 0.007618 0.015118
0 0.201629 0.612531 0.010152 0.015375
0 0.830493 0.506966 0.013295 0.021133
0 0.065084 0.949021 0.010690 0.020657
0 0.254452 0.084208 0.009749 0.023646
0 0.795059 0.203874 0.007283 0.013191
0 0.748173 0.274816 0.007231 0.014516
0 0.666716 0.159732 0.009218 0.015697
0 0.780898 0.204701 0.008219 0.015303
0 0.803208 0.268731 0.008298 0.018008