0 0.225834 0.716474 0.010384 0.017921
0 0.692837 0.462683 0.008369 0.015568
0 0.571211 0.863271 0.008257 0.014816
0 0.415984 0.887192 0.012606 0.032630
0 0.349699 0.671444 0.008606 0.018619
0 0.719589 0.433565 0.013077 0.020463
0 0.147457 0.978953 0.009265 0.019391
0 0.548397 0.248404 0.031354 0.027324
0 0.240900 0.989173 0.010458 0.020050
0 0.654787 0.516535 0.008470 0.019773
0 0.604053 0.131494 0.010259 0.018441
0 0.752335 0.441110 0.011039 0.031074
0 0.006010 0.683906 0.012020 0.025908
0 0.800283 0.417220 0.008686 0.015941
0 0.111683 0.947204 0.011156 0.021974
0 0.400001 0.519077 0.011615 0.021830
0 0.313510 0.868991 0.011962 0.021933
0 0.887243 0.509839 0.011853 0.018273
0 0.670906 0.064525 0.016847 0.032481
0 0.524257 0.739557 0.010929 0.029088
0 0.375072 0.298670 0.018325 0.039358
0 0.190523 0.134821 0.021205 0.040491
0 0.297818 0.199054 0.011947 0.037169
0 0.519879 0.632857 0.036906 0.072376