0 0.373010 0.913363 0.012509 0.027478
0 0.069083 0.138145 0.011353 0.022104
0 0.991811 0.828621 0.010950 0.021154
0 0.792992 0.435525 0.015925 0.027398
0 0.422951 0.537435 0.009898 0.021947
0 0.295284 0.229118 0.009040 0.020345
0 0.883863 0.875379 0.012971 0.021382
0 0.434340 0.478086 0.009567 0.022836
0 0.751696 0.434196 0.009643 0.019823
0 0.466009 0.509928 0.010594 0.021790
0 0.657422 0.400365 0.012289 0.020669
0 0.733072 0.195002 0.009573 0.019349
0 0.919836 0.306381 0.009126 0.019243
0 0.798856 0.493699 0.009223 0.020890
0 0.272656 0.636421 0.011549 0.022384
0 0.014559 0.968889 0.014463 0.033135
0 0.597115 0.444952 0.009210 0.020016
0 0.721361 0.417845 0.010370 0.021375
0 0.161107 0.495704 0.011401 0.023379
0 0.312368 0.193480 0.014891 0.028699
0 0.286557 0.303406 0.012056 0.026285
0 0.611588 0.607777 0.012765 0.024752
0 0.551747 0.572296 0.010639 0.022795
0 0.567400 0.170389 0.013069 0.025076
0 0.459904 0.298410 0.011368 0.024280
0 0.385885 0.355561 0.011879 0.022277
0 0.106971 0.353608 0.014588 0.031624
0 0.376378 0.407518 0.012216 0.028210
0 0.047560 0.862061 0.022530 0.049984