0 0.737701 0.268811 0.010401 0.023295
0 0.469664 0.535125 0.009337 0.017035
0 0.543116 0.680497 0.009925 0.021691
0 0.582574 0.663676 0.012963 0.024422
0 0.975051 0.395779 0.009390 0.021042
0 0.575032 0.274847 0.009006 0.018684
0 0.600892 0.269839 0.009213 0.018277
0 0.826894 0.274571 0.010252 0.020433
0 0.236660 0.875904 0.008259 0.017615
0 0.625353 0.495746 0.009015 0.018928
0 0.069064 0.437386 0.008214 0.018760
0 0.769097 0.330534 0.008997 0.020794
0 0.092687 0.413042 0.009234 0.019119
0 0.968100 0.741580 0.008989 0.019062
0 0.282539 0.890138 0.009369 0.018794
0 0.418588 0.166043 0.008446 0.016099
0 0.297922 0.198108 0.008191 0.016875
0 0.169113 0.426250 0.008440 0.017212
0 0.441851 0.190663 0.010879 0.021585
0 0.251708 0.122049 0.009792 0.017220
0 0.353117 0.661909 0.008590 0.017005
0 0.778889 0.513567 0.009359 0.018813
0 0.239470 0.670074 0.011722 0.019296
0 0.078820 0.666801 0.009577 0.019233
0 0.229124 0.505399 0.008489 0.017631
0 0.634482 0.295210 0.009200 0.019265
0 0.534682 0.734819 0.009215 0.018256
0 0.586654 0.265732 0.009795 0.018090
0 0.779860 0.653032 0.010273 0.019811
0 0.459287 0.125635 0.007152 0.016651
0 0.814989 0.537401 0.009480 0.017873
0 0.254318 0.191582 0.008979 0.017066
0 0.427280 0.763816 0.009782 0.019175
0 0.901572 0.428924 0.009657 0.019833
0 0.414283 0.187873 0.008695 0.018987
0 0.855881 0.270229 0.008149 0.020723
0 0.389945 0.173894 0.008677 0.018257
0 0.488903 0.857271 0.009760 0.017929
0 0.878968 0.260726 0.008300 0.017024
0 0.813146 0.043513 0.008879 0.017743
0 0.321025 0.275206 0.009314 0.017893
0 0.101627 0.556136 0.011450 0.019965
0 0.715133 0.430643 0.010629 0.019464
0 0.514868 0.159517 0.008831 0.017994
0 0.660724 0.437521 0.010221 0.019281
0 0.105646 0.737599 0.008763 0.018729
0 0.715784 0.104797 0.009577 0.019791
0 0.764754 0.149963 0.008715 0.020089
0 0.039786 0.635624 0.010399 0.018644
0 0.365378 0.272030 0.010975 0.020662
0 0.599172 0.564515 0.011389 0.023751
0 0.716104 0.181738 0.009913 0.021504
0 0.443940 0.794487 0.009475 0.019755
0 0.485040 0.725549 0.010850 0.021255