0 0.919874 0.519649 0.011799 0.027101
0 0.879216 0.925821 0.013418 0.027757
0 0.085850 0.527327 0.010767 0.029321
0 0.036300 0.791109 0.015879 0.032755
0 0.120985 0.378434 0.014452 0.034689
0 0.069452 0.609677 0.014799 0.022545
0 0.129983 0.444773 0.015507 0.039164
0 0.324269 0.489402 0.018147 0.043468
0 0.920971 0.619996 0.012120 0.024068
0 0.009088 0.136949 0.014625 0.028331
0 0.220138 0.686525 0.010094 0.028276
0 0.486181 0.118157 0.011332 0.027350
0 0.249749 0.531802 0.010660 0.024962
0 0.538595 0.572326 0.014833 0.036796
0 0.027312 0.065594 0.013456 0.031112
0 0.134801 0.682136 0.015505 0.031118
0 0.669007 0.159475 0.011632 0.030368
0 0.145799 0.841688 0.015654 0.030634
0 0.883472 0.305388 0.016580 0.045734
0 0.172965 0.455790 0.021536 0.040932
0 0.985935 0.541923 0.025493 0.077744
0 0.178762 0.602961 0.031043 0.064695
0 0.028400 0.498927 0.017828 0.039333
0 0.465779 0.620085 0.019477 0.036535