0 0.438089 0.390571 0.023079 0.051815
0 0.010887 0.253066 0.021592 0.067499
0 0.037914 0.309382 0.026080 0.045509
0 0.623618 0.880914 0.033436 0.064207
0 0.089950 0.264056 0.022254 0.045895
0 0.585834 0.268500 0.029068 0.056466
0 0.361960 0.172085 0.033169 0.059228
0 0.232914 0.782017 0.045921 0.090731
0 0.505891 0.058686 0.023574 0.057018
0 0.058601 0.371104 0.032576 0.059018
0 0.654922 0.150198 0.036557 0.065054
0 0.377279 0.302966 0.023123 0.051141
0 0.642101 0.426124 0.025225 0.047694
0 0.151403 0.145964 0.036233 0.065668
0 0.729061 0.259392 0.033408 0.068069
0 0.256888 0.302824 0.022857 0.044691
0 0.214664 0.300612 0.032050 0.060736
0 0.120689 0.044429 0.031346 0.062143
0 0.164952 0.201613 0.023785 0.052978
0 0.778907 0.702569 0.044392 0.098704
0 0.538693 0.077623 0.027802 0.051708
0 0.492787 0.236740 0.028257 0.059163
0 0.153873 0.309061 0.026367 0.041492
0 0.152733 0.975915 0.031307 0.044957
0 0.709767 0.096849 0.032119 0.057750
0 0.027976 0.645050 0.055729 0.122153
0 0.161671 0.537180 0.032786 0.067027
0 0.483034 0.428854 0.027783 0.047965
0 0.164263 0.731095 0.031345 0.064841
0 0.820338 0.054948 0.038229 0.065900
0 0.461551 0.572002 0.033546 0.070365