0 0.979044 0.828177 0.013867 0.023065
0 0.954120 0.805867 0.014684 0.024784
0 0.905437 0.606959 0.026344 0.024986
0 0.391181 0.837900 0.018099 0.029286
0 0.988867 0.629232 0.020168 0.036146
0 0.150564 0.681327 0.025855 0.029579
0 0.840808 0.763442 0.014970 0.022540
0 0.333934 0.259971 0.024806 0.041235
0 0.009277 0.750326 0.018543 0.046415
0 0.482254 0.707024 0.017999 0.024333
0 0.610049 0.645091 0.023504 0.038968
0 0.533609 0.779063 0.019497 0.028409
0 0.049126 0.764589 0.034246 0.053291
0 0.691236 0.637609 0.024534 0.040912
0 0.331796 0.201799 0.035856 0.043107
0 0.022303 0.648541 0.037702 0.046049
0 0.433558 0.983512 0.043714 0.029785
0 0.384521 0.584230 0.033093 0.039691
0 0.744626 0.772879 0.021567 0.031747
0 0.772933 0.905583 0.030881 0.040118
0 0.680401 0.742741 0.033294 0.038629
0 0.476950 0.400437 0.030507 0.045483