0 0.845328 0.419802 0.011945 0.023613
0 0.049226 0.106993 0.023388 0.053137
0 0.315226 0.596982 0.019015 0.020608
0 0.713619 0.644715 0.020164 0.022313
0 0.851543 0.312967 0.027884 0.035177
0 0.635762 0.741341 0.017410 0.026302
0 0.936233 0.386330 0.015792 0.023066
0 0.734436 0.152530 0.020378 0.023889
0 0.444564 0.418309 0.017019 0.023350
0 0.207518 0.776413 0.016229 0.022405
0 0.781235 0.759638 0.033919 0.042532
0 0.417762 0.867639 0.021130 0.026787
0 0.393935 0.760635 0.019758 0.022424
0 0.423909 0.530985 0.022531 0.025635
0 0.401505 0.366719 0.017651 0.023325
0 0.505805 0.248541 0.021521 0.025749
0 0.752706 0.670287 0.025245 0.029161
0 0.657453 0.441584 0.043349 0.029994
0 0.479558 0.300790 0.019568 0.026062
0 0.216081 0.850785 0.026441 0.029232
0 0.700849 0.610818 0.031169 0.046068
0 0.312616 0.819947 0.026992 0.027908
0 0.705412 0.201356 0.025923 0.033553
0 0.377808 0.387932 0.023270 0.032024
0 0.342552 0.476733 0.037971 0.049001
0 0.544738 0.401889 0.030956 0.040406