0 0.115238 0.900453 0.007062 0.013467
0 0.989876 0.739120 0.010388 0.017485
0 0.733840 0.897032 0.008438 0.014976
0 0.678186 0.298948 0.007301 0.016022
0 0.931144 0.150942 0.010873 0.021191
0 0.120611 0.690515 0.007677 0.014138
0 0.447413 0.298848 0.007574 0.015183
0 0.889187 0.091082 0.007826 0.014409
0 0.063618 0.793369 0.008052 0.015367
0 0.411324 0.118157 0.007500 0.016326
0 0.509991 0.414885 0.013614 0.023107
0 0.208784 0.779826 0.008265 0.015222
0 0.581123 0.013829 0.007175 0.015929
0 0.919961 0.056694 0.007547 0.018732
0 0.520878 0.873386 0.010301 0.022782
0 0.170087 0.729393 0.007458 0.015575
0 0.595604 0.294247 0.009867 0.017473
0 0.146002 0.410286 0.010332 0.015077
0 0.077415 0.493793 0.007687 0.018582
0 0.435973 0.335484 0.009308 0.018475
0 0.731736 0.353843 0.008226 0.016377
0 0.702386 0.175747 0.007357 0.016326
0 0.075406 0.816859 0.008850 0.016475
0 0.309050 0.507671 0.007951 0.015970
0 0.047574 0.859703 0.007835 0.017224
0 0.235737 0.716459 0.008388 0.016468
0 0.278505 0.668271 0.013183 0.035065
0 0.586497 0.146543 0.011119 0.019613
0 0.268153 0.721178 0.008590 0.017913
0 0.086311 0.208878 0.009815 0.020934
0 0.961742 0.880166 0.009671 0.020633
0 0.206679 0.513036 0.008060 0.017260
0 0.420781 0.356300 0.008149 0.018333
0 0.638730 0.747234 0.010048 0.020344
0 0.935386 0.380800 0.011834 0.025799
0 0.097335 0.588718 0.022079 0.049533
0 0.570258 0.734593 0.008975 0.020400
0 0.428998 0.274238 0.008735 0.017846
0 0.207241 0.684202 0.008690 0.018975
0 0.805995 0.767768 0.008540 0.022619
0 0.310956 0.919850 0.013098 0.023886
0 0.733367 0.851894 0.008830 0.019882
0 0.243608 0.887430 0.015552 0.031718
0 0.811990 0.569819 0.011965 0.025677
0 0.826122 0.437099 0.016601 0.048287
0 0.331883 0.359229 0.011618 0.031149
0 0.369997 0.466508 0.020176 0.040833