0 0.125364 0.319524 0.012243 0.025258
0 0.993476 0.076451 0.011627 0.036798
0 0.229974 0.270140 0.014424 0.027515
0 0.351753 0.925699 0.009178 0.015762
0 0.944442 0.701320 0.010373 0.021411
0 0.709089 0.043343 0.008736 0.016340
0 0.352021 0.046609 0.010653 0.025355
0 0.977567 0.589962 0.009117 0.020402
0 0.897987 0.660116 0.011196 0.021666
0 0.285961 0.120342 0.009898 0.019435
0 0.409905 0.702317 0.009806 0.019874
0 0.735046 0.487682 0.014154 0.028935
0 0.217798 0.019795 0.011802 0.023132
0 0.601865 0.913343 0.007958 0.014441
0 0.570018 0.027164 0.010627 0.021125
0 0.081114 0.279756 0.009313 0.016239
0 0.716018 0.653133 0.009453 0.019558
0 0.939861 0.237232 0.011091 0.023211
0 0.099071 0.722607 0.010780 0.020497
0 0.224534 0.432699 0.010391 0.025731
0 0.758862 0.131345 0.010260 0.020734
0 0.393902 0.519471 0.010377 0.020108
0 0.892201 0.104186 0.011766 0.023366
0 0.550528 0.936713 0.014423 0.018151
0 0.278520 0.564650 0.010907 0.019645
0 0.256327 0.726052 0.011909 0.019997
0 0.155070 0.849528 0.011356 0.020658
0 0.301798 0.611767 0.010718 0.020099
0 0.864241 0.469998 0.012675 0.026055
0 0.365847 0.973782 0.010065 0.017631
0 0.967008 0.509546 0.020122 0.048548
0 0.140953 0.729726 0.016785 0.032563
0 0.915025 0.602958 0.013354 0.024886
0 0.566857 0.160747 0.011965 0.024684
0 0.124384 0.945186 0.013198 0.023672
0 0.527052 0.546549 0.012855 0.026345
0 0.111391 0.903973 0.016939 0.031794
0 0.306351 0.656722 0.012935 0.023848
0 0.416659 0.011026 0.016067 0.022001
0 0.092056 0.626638 0.033678 0.059227
0 0.287864 0.796957 0.014209 0.024105
0 0.477989 0.563822 0.011035 0.027664
0 0.273903 0.369918 0.015570 0.030513
0 0.373635 0.652716 0.013758 0.026013
0 0.220333 0.157108 0.024357 0.046989
0 0.229975 0.326518 0.018433 0.034041
0 0.391335 0.039774 0.017620 0.032142