0 0.109897 0.083860 0.009781 0.021821
0 0.445118 0.904306 0.013319 0.022893
0 0.150702 0.288130 0.010255 0.021017
0 0.758796 0.103402 0.011966 0.024800
0 0.864350 0.583027 0.010406 0.021090
0 0.169643 0.604661 0.009430 0.019335
0 0.082541 0.293155 0.009034 0.020040
0 0.683566 0.393754 0.012284 0.025640
0 0.124328 0.029884 0.010657 0.020993
0 0.026658 0.190350 0.009728 0.020963
0 0.207367 0.198966 0.010724 0.023563
0 0.193278 0.441074 0.009383 0.021919
0 0.403932 0.837378 0.011137 0.025456
0 0.181135 0.583184 0.010323 0.022376
0 0.210193 0.459771 0.009233 0.022358
0 0.155223 0.328006 0.010622 0.022464
0 0.484904 0.957158 0.011523 0.024748
0 0.518925 0.048159 0.013112 0.026637
0 0.280450 0.231990 0.011515 0.022891
0 0.419775 0.513954 0.009729 0.020929
0 0.525024 0.509931 0.012550 0.022626
0 0.607218 0.538780 0.013712 0.025154
0 0.470590 0.496081 0.011618 0.023022
0 0.109625 0.259720 0.013596 0.026972
0 0.420050 0.749103 0.016405 0.026928
0 0.332874 0.501404 0.014993 0.025638
0 0.380640 0.370424 0.016245 0.029841