0 0.333525 0.330779 0.015246 0.029678
0 0.112739 0.122364 0.012710 0.031187
0 0.994894 0.302680 0.008963 0.024290
0 0.127135 0.098916 0.011826 0.025293
0 0.257330 0.170805 0.011308 0.027349
0 0.860098 0.052652 0.010813 0.022466
0 0.741830 0.334199 0.013495 0.026045
0 0.770321 0.141245 0.012872 0.029996
0 0.241445 0.011177 0.014034 0.021322
0 0.225625 0.086007 0.010148 0.022119
0 0.377998 0.158400 0.012645 0.029638
0 0.077667 0.266666 0.013426 0.035202
0 0.793081 0.116828 0.018890 0.041365
0 0.721405 0.576079 0.014643 0.035568