0 0.962012 0.269516 0.015089 0.026845
0 0.668303 0.523255 0.011566 0.023283
0 0.697667 0.699036 0.028003 0.029625
0 0.234029 0.242652 0.016687 0.029664
0 0.371590 0.020173 0.026801 0.040327
0 0.650587 0.503032 0.017756 0.029996
0 0.294434 0.478798 0.018157 0.030056
0 0.749658 0.932978 0.017700 0.041174
0 0.107529 0.962191 0.014549 0.025667
0 0.930202 0.565442 0.017115 0.033439
0 0.810872 0.513327 0.016235 0.029503
0 0.068674 0.591568 0.024749 0.036066
0 0.809731 0.625919 0.017813 0.033492
0 0.267409 0.720939 0.017848 0.031719
0 0.905610 0.047914 0.020830 0.036182
0 0.397802 0.815245 0.014897 0.027518
0 0.191535 0.231301 0.021029 0.032970
0 0.014740 0.111817 0.029422 0.083920
0 0.900027 0.525678 0.016723 0.032955
0 0.323482 0.980377 0.014310 0.032202
0 0.727599 0.693523 0.028023 0.039111
0 0.668466 0.067776 0.025466 0.035849
0 0.297939 0.892984 0.020099 0.035595
0 0.073010 0.963495 0.020839 0.037902
0 0.359443 0.812183 0.018842 0.029761
0 0.294904 0.973550 0.021493 0.039009
0 0.417233 0.467224 0.019611 0.035339
0 0.348777 0.766499 0.017625 0.036693
0 0.264726 0.829590 0.020697 0.034964
0 0.755464 0.695878 0.024473 0.033820
0 0.135910 0.875834 0.029207 0.039585
0 0.328887 0.467701 0.028550 0.044821
0 0.318776 0.039575 0.031531 0.056959
0 0.413476 0.665512 0.027200 0.039223
0 0.461454 0.597523 0.027673 0.048281
0 0.247157 0.181783 0.027351 0.047823
0 0.383134 0.127212 0.029612 0.041799
0 0.641126 0.686679 0.021567 0.029153
0 0.648544 0.641186 0.033367 0.040209
0 0.201640 0.113292 0.026342 0.048034
0 0.027603 0.916946 0.027395 0.057897
0 0.336113 0.617930 0.026775 0.046980
0 0.823665 0.722534 0.029652 0.049996
0 0.157775 0.796849 0.032301 0.052462
0 0.536476 0.074383 0.023756 0.042669
0 0.095520 0.730488 0.049767 0.073978
0 0.782228 0.116546 0.037559 0.060982
0 0.480797 0.090525 0.024228 0.039226
0 0.550164 0.129377 0.023542 0.039874
0 0.297070 0.402266 0.033654 0.051691
0 0.363137 0.183843 0.031463 0.047863
0 0.237844 0.351121 0.049260 0.075528
0 0.226001 0.655487 0.036643 0.064874
0 0.378279 0.323301 0.051004 0.069367