0 0.421180 0.652855 0.010764 0.020376
0 0.762714 0.593970 0.010026 0.018301
0 0.125067 0.289051 0.017381 0.022785
0 0.606538 0.547480 0.012051 0.021742
0 0.916207 0.615515 0.012212 0.021887
0 0.762538 0.489591 0.011429 0.027666
0 0.540302 0.598768 0.009970 0.017807
0 0.655129 0.109727 0.012252 0.020585
0 0.525548 0.625160 0.010774 0.020891
0 0.517348 0.598250 0.010755 0.018698
0 0.044587 0.285338 0.014199 0.030770
0 0.183814 0.199883 0.011719 0.019362
0 0.442557 0.802832 0.010056 0.020244
0 0.497502 0.106066 0.011193 0.021502
0 0.187330 0.938281 0.010226 0.025362
0 0.268559 0.198395 0.011264 0.019709
0 0.764929 0.357788 0.010607 0.018075
0 0.801779 0.505058 0.014027 0.023642
0 0.952074 0.830266 0.011879 0.025934
0 0.705035 0.041253 0.013284 0.023894
0 0.408928 0.598405 0.011916 0.021425
0 0.158411 0.822915 0.012825 0.025432
0 0.153431 0.050073 0.017156 0.032363
0 0.949402 0.318556 0.014872 0.022188
0 0.938443 0.414666 0.013124 0.025142
0 0.872506 0.856224 0.011208 0.022986
0 0.371627 0.756840 0.011597 0.020932
0 0.920823 0.880667 0.018417 0.034891
0 0.711137 0.509638 0.014186 0.026812
0 0.491150 0.020049 0.033616 0.040098
0 0.539871 0.114170 0.016900 0.032439
0 0.497670 0.489895 0.015668 0.030094
0 0.772463 0.036963 0.013656 0.024733
0 0.686357 0.181031 0.014800 0.025422
0 0.483360 0.825172 0.012326 0.024023
0 0.739671 0.488724 0.013000 0.024602
0 0.029062 0.109214 0.015828 0.022287
0 0.241675 0.630954 0.013659 0.025524
0 0.314037 0.686361 0.012296 0.020555
0 0.263704 0.523864 0.011652 0.024785
0 0.153515 0.775940 0.013236 0.021770
0 0.841158 0.844922 0.014159 0.033623
0 0.523001 0.328818 0.013520 0.025265
0 0.510072 0.287548 0.017207 0.033386
0 0.886688 0.488535 0.016463 0.030950
0 0.336341 0.489054 0.015183 0.026909
0 0.054401 0.400856 0.018116 0.026961