0 0.556295 0.329351 0.010008 0.019953
0 0.950616 0.903079 0.009569 0.017774
0 0.226348 0.372210 0.008634 0.017131
0 0.025078 0.569031 0.007322 0.014757
0 0.266771 0.699249 0.008721 0.018821
0 0.935681 0.958064 0.010682 0.024723
0 0.675476 0.680280 0.011134 0.021099
0 0.982808 0.987303 0.013132 0.022389
0 0.069689 0.941997 0.012021 0.020628
0 0.193581 0.513019 0.008842 0.016098
0 0.371828 0.567792 0.010115 0.019390
0 0.578487 0.831542 0.009733 0.018036
0 0.065046 0.314796 0.010648 0.019243
0 0.548393 0.982021 0.009080 0.017309
0 0.025518 0.488290 0.010266 0.018460
0 0.392691 0.391513 0.009510 0.020628
0 0.353215 0.625239 0.007577 0.012209
0 0.360262 0.860328 0.010113 0.019486
0 0.537154 0.766612 0.008286 0.021620
0 0.480413 0.352016 0.010541 0.019149
0 0.769852 0.506544 0.009530 0.020482
0 0.285582 0.410348 0.011578 0.019405
0 0.892503 0.984537 0.009359 0.016407
0 0.910016 0.310018 0.008731 0.016612
0 0.516166 0.533393 0.015620 0.029846
0 0.216192 0.461764 0.009790 0.018737
0 0.909025 0.471186 0.011283 0.016028
0 0.419650 0.760842 0.008904 0.016724
0 0.180101 0.516204 0.012867 0.028679
0 0.787377 0.190396 0.014454 0.025950
0 0.284939 0.631194 0.008345 0.013428
0 0.874001 0.780082 0.009148 0.017496
0 0.186431 0.347545 0.009530 0.019484
0 0.866903 0.864823 0.011234 0.021019
0 0.993994 0.826019 0.010868 0.028166
0 0.823014 0.394863 0.010931 0.021612
0 0.310111 0.431931 0.011599 0.020465
0 0.924822 0.409405 0.011905 0.022129
0 0.896982 0.647523 0.008400 0.016732
0 0.237862 0.836231 0.016721 0.029886
0 0.585960 0.317805 0.008318 0.015512
0 0.791903 0.281705 0.012846 0.024620
0 0.867688 0.453791 0.009628 0.018897
0 0.380621 0.813632 0.014699 0.027455
0 0.347745 0.834641 0.011611 0.023604
0 0.861740 0.725806 0.012338 0.023399
0 0.171405 0.041597 0.018686 0.039721
0 0.087769 0.112917 0.024332 0.045263