0 0.729258 0.445623 0.007827 0.015881
0 0.716616 0.533868 0.007930 0.014948
0 0.862534 0.566503 0.017024 0.019588
0 0.678408 0.332027 0.008960 0.019294
0 0.689019 0.602781 0.013270 0.016834
0 0.056070 0.492614 0.007949 0.016435
0 0.737656 0.833731 0.011028 0.022776
0 0.948712 0.303925 0.016884 0.015179
0 0.107002 0.372790 0.008627 0.018022
0 0.097176 0.204416 0.008915 0.017999
0 0.036028 0.869868 0.013164 0.028493
0 0.765113 0.511898 0.007747 0.016717
0 0.078798 0.307576 0.007783 0.016189
0 0.909595 0.500237 0.009128 0.018813
0 0.129408 0.510363 0.008715 0.020043
0 0.168220 0.128722 0.012239 0.025509
0 0.886606 0.507168 0.008772 0.017681
0 0.840232 0.504032 0.020351 0.022841
0 0.733829 0.506192 0.010429 0.019901
0 0.820096 0.498116 0.009706 0.020319
0 0.109390 0.476379 0.011851 0.028205
0 0.215306 0.568875 0.007129 0.018632
0 0.973897 0.676513 0.021692 0.026380
0 0.819083 0.694014 0.024214 0.024194
0 0.918184 0.712343 0.018358 0.028628