0 0.356235 0.305323 0.008783 0.020983
0 0.161311 0.666557 0.007863 0.017278
0 0.466927 0.483454 0.008791 0.020291
0 0.520524 0.711176 0.008927 0.019217
0 0.967705 0.441128 0.010335 0.019809
0 0.494970 0.550367 0.009226 0.019363
0 0.024813 0.880913 0.008780 0.018422
0 0.398068 0.254757 0.010075 0.023827
0 0.022716 0.774395 0.009083 0.018133
0 0.767146 0.891082 0.008179 0.019025
0 0.538868 0.835861 0.010369 0.021519
0 0.466209 0.459868 0.009287 0.018051
0 0.579023 0.819797 0.009834 0.021084
0 0.528625 0.792266 0.010248 0.021174
0 0.564869 0.843230 0.008747 0.019002
0 0.562849 0.331474 0.009144 0.020138
0 0.448087 0.653485 0.010047 0.019306
0 0.453026 0.388354 0.008742 0.016718
0 0.434269 0.664121 0.008683 0.019196
0 0.452590 0.702070 0.009555 0.019672
0 0.553459 0.778207 0.009187 0.018483
0 0.314399 0.210572 0.008755 0.019006
0 0.696365 0.936403 0.008566 0.017904
0 0.550773 0.348384 0.010903 0.020435
0 0.294564 0.497082 0.009102 0.019017
0 0.373319 0.688676 0.008890 0.018945
0 0.566311 0.707337 0.009972 0.021581
0 0.579997 0.924155 0.009073 0.019752
0 0.468528 0.716601 0.008499 0.018723
0 0.520776 0.896733 0.013588 0.026297
0 0.449446 0.342237 0.011456 0.021129
0 0.542106 0.960410 0.010688 0.021713
0 0.448605 0.807271 0.012019 0.021573
0 0.488404 0.634682 0.011702 0.024886
0 0.411085 0.822114 0.009580 0.023345
0 0.517798 0.559128 0.011203 0.020803
0 0.469784 0.568716 0.011228 0.022375