0 0.097314 0.093183 0.010451 0.026206
0 0.716454 0.526058 0.014483 0.032312
0 0.119944 0.659044 0.013805 0.027078
0 0.453939 0.514576 0.014069 0.027392
0 0.116387 0.976653 0.012528 0.023586
0 0.063581 0.632389 0.011467 0.017528
0 0.858761 0.723628 0.009989 0.019578
0 0.364348 0.104912 0.010519 0.021481
0 0.238219 0.283374 0.011016 0.023181
0 0.549974 0.723696 0.016704 0.027372
0 0.415698 0.617674 0.014247 0.023645
0 0.714774 0.711877 0.007685 0.013297
0 0.175054 0.229802 0.011055 0.019121
0 0.193997 0.276051 0.010820 0.021003
0 0.612572 0.309869 0.011428 0.021874
0 0.714583 0.267804 0.012055 0.022935
0 0.771584 0.472700 0.011655 0.022443
0 0.638686 0.371108 0.012832 0.024052
0 0.271305 0.227709 0.010542 0.020298
0 0.171261 0.095690 0.011773 0.021428
0 0.272493 0.660842 0.023032 0.037592
0 0.087771 0.974879 0.024862 0.045954
0 0.517183 0.120197 0.028764 0.057496
0 0.390610 0.585354 0.018508 0.036305
0 0.265357 0.409809 0.016340 0.028871