0 0.025412 0.292641 0.007419 0.017966
0 0.042359 0.141901 0.007999 0.018918
0 0.275592 0.584889 0.008292 0.018617
0 0.929104 0.144770 0.008785 0.022154
0 0.283103 0.623639 0.009248 0.022937
0 0.302212 0.638221 0.008252 0.019420
0 0.229644 0.685353 0.008000 0.020639
0 0.110430 0.726345 0.007713 0.019540
0 0.418516 0.766234 0.008927 0.021942
0 0.667306 0.532084 0.008065 0.019544
0 0.178262 0.514948 0.009749 0.023038
0 0.042425 0.649413 0.007411 0.018461
0 0.162943 0.738683 0.007411 0.018144
0 0.839313 0.591025 0.007637 0.019120
0 0.346261 0.372836 0.009018 0.025311
0 0.751017 0.527883 0.009211 0.020290
0 0.097177 0.321838 0.006941 0.019080
0 0.075139 0.216926 0.010939 0.021129
0 0.261321 0.405196 0.009214 0.020578
0 0.223192 0.661465 0.009571 0.019557
0 0.070064 0.768598 0.007837 0.019154
0 0.189897 0.780332 0.007951 0.019082
0 0.293226 0.850210 0.008383 0.019809
0 0.366329 0.391420 0.008668 0.019804
0 0.930713 0.608657 0.009374 0.024154
0 0.178280 0.736199 0.009089 0.022187
0 0.192646 0.498927 0.008981 0.019749
0 0.746106 0.832676 0.008751 0.027431
0 0.305859 0.661839 0.011273 0.026194
0 0.985721 0.539023 0.009483 0.024906