0 0.971669 0.921714 0.013798 0.034824
0 0.793606 0.162761 0.011372 0.027088
0 0.496180 0.586670 0.009321 0.022880
0 0.329892 0.009285 0.012185 0.018308
0 0.042547 0.585198 0.013858 0.029057
0 0.246436 0.595290 0.011221 0.020045
0 0.057092 0.499692 0.012358 0.026471
0 0.985820 0.336698 0.012067 0.022961
0 0.517210 0.142264 0.013000 0.026063
0 0.018289 0.870000 0.015858 0.031327
0 0.484182 0.303832 0.011336 0.024768
0 0.081172 0.381886 0.010187 0.023734
0 0.574851 0.545157 0.013578 0.034146
0 0.919383 0.539428 0.010889 0.027900
0 0.110544 0.688587 0.012977 0.024077
0 0.189532 0.307556 0.012335 0.023689
0 0.739515 0.181227 0.011991 0.024931
0 0.151184 0.361390 0.012534 0.025835
0 0.270801 0.442195 0.018870 0.028971
0 0.117791 0.643812 0.014729 0.024062
0 0.377295 0.121619 0.011840 0.021608
0 0.319022 0.117527 0.016672 0.027894
0 0.524332 0.255357 0.010047 0.026352
0 0.087174 0.805886 0.016696 0.029010
0 0.367847 0.255334 0.013455 0.021833
0 0.148287 0.459273 0.015136 0.026750
0 0.320963 0.464074 0.016136 0.027640
0 0.350848 0.488251 0.015561 0.030676
0 0.449953 0.115020 0.013030 0.023853
0 0.414680 0.131672 0.014265 0.029464
0 0.760640 0.336885 0.016216 0.036131
0 0.597111 0.176729 0.018691 0.032435