0 0.075748 0.106059 0.006377 0.014076
0 0.065383 0.573396 0.009065 0.020041
0 0.025400 0.175771 0.007295 0.015366
0 0.053266 0.873413 0.008085 0.017815
0 0.036330 0.091384 0.007424 0.014706
0 0.682220 0.246935 0.009178 0.015589
0 0.464253 0.178071 0.008145 0.017098
0 0.721706 0.144664 0.008184 0.016472
0 0.220349 0.249676 0.013089 0.023838
0 0.262358 0.030711 0.008308 0.016745
0 0.516544 0.108990 0.007460 0.016260
0 0.197575 0.054879 0.011890 0.022482
0 0.221764 0.082200 0.007533 0.016758
0 0.367617 0.944235 0.008531 0.019102
0 0.126722 0.105726 0.006766 0.015169
0 0.649998 0.051522 0.008805 0.015795
0 0.583165 0.011923 0.008042 0.013801
0 0.930599 0.652503 0.011959 0.020956
0 0.430391 0.127702 0.009209 0.023001
0 0.498157 0.117825 0.007440 0.016164
0 0.294098 0.080582 0.008015 0.016429
0 0.174038 0.138280 0.007496 0.015544
0 0.828321 0.015311 0.010568 0.019294
0 0.736818 0.028338 0.009717 0.020046
0 0.257510 0.141104 0.008538 0.018955
0 0.498140 0.078041 0.009274 0.020849
0 0.361081 0.079485 0.008691 0.018350
0 0.260020 0.056755 0.009561 0.020419
0 0.134544 0.198488 0.007953 0.016229
0 0.278649 0.184297 0.011279 0.019168
0 0.111103 0.248660 0.009690 0.018045
0 0.283180 0.071061 0.009245 0.020472
0 0.285565 0.116923 0.011077 0.019817