0 0.194173 0.186978 0.015313 0.034565
0 0.143324 0.042270 0.009311 0.025616
0 0.214781 0.477243 0.013379 0.029988
0 0.324232 0.512542 0.014189 0.031076
0 0.180718 0.529779 0.010746 0.022402
0 0.274689 0.409776 0.016066 0.033777
0 0.012550 0.393955 0.013500 0.029143
0 0.824165 0.599808 0.010549 0.025417
0 0.414077 0.669524 0.018578 0.041470
0 0.980173 0.377932 0.023650 0.050121
0 0.292402 0.088514 0.016236 0.035702
0 0.390439 0.015515 0.019428 0.031029
0 0.119880 0.701265 0.014268 0.027928
0 0.476271 0.332764 0.012724 0.026184
0 0.086842 0.748037 0.014265 0.027446
0 0.069951 0.419029 0.013849 0.026962
0 0.816765 0.535823 0.014207 0.030412
0 0.909799 0.467914 0.013409 0.031301
0 0.052793 0.149970 0.016963 0.040701
0 0.737384 0.711783 0.012896 0.024869
0 0.439111 0.417764 0.021837 0.044859
0 0.844467 0.248773 0.020167 0.046645
0 0.339692 0.491438 0.020566 0.047901
0 0.856067 0.217218 0.028513 0.060288
0 0.894136 0.079397 0.026968 0.064051
0 0.033652 0.022991 0.019915 0.038379
0 0.798471 0.144421 0.015916 0.033254
0 0.427014 0.370995 0.030393 0.064609
0 0.752705 0.834776 0.024839 0.050395
0 0.284000 0.528785 0.022325 0.045532
0 0.774915 0.214245 0.023986 0.047830