0 0.370632 0.925579 0.007410 0.015968
0 0.358838 0.107998 0.006731 0.015713
0 0.478437 0.949442 0.006797 0.016107
0 0.460360 0.501474 0.020677 0.041815
0 0.486709 0.167338 0.005078 0.009312
0 0.298853 0.447999 0.006155 0.010875
0 0.610353 0.886951 0.007826 0.013648
0 0.786014 0.916889 0.007998 0.015725
0 0.532832 0.510505 0.010641 0.022701
0 0.468761 0.456781 0.008745 0.019994
0 0.882988 0.712767 0.010074 0.015689
0 0.816586 0.776116 0.036800 0.060670
0 0.130435 0.914793 0.005634 0.012072
0 0.924451 0.668711 0.008771 0.017635
0 0.510903 0.294207 0.010503 0.022099
0 0.580824 0.304426 0.010591 0.016182
0 0.753263 0.548847 0.007018 0.014729
0 0.154526 0.232325 0.012593 0.024346
0 0.039711 0.405780 0.005784 0.010929
0 0.573811 0.829972 0.008439 0.015853
0 0.647835 0.466437 0.007837 0.015938
0 0.576026 0.638774 0.007052 0.013652
0 0.056384 0.278831 0.005539 0.011295
0 0.594353 0.733676 0.006265 0.013573
0 0.121648 0.660981 0.017257 0.039025
0 0.466698 0.820408 0.006243 0.012921
0 0.757106 0.333180 0.004620 0.008585
0 0.682626 0.580885 0.006881 0.013888
0 0.575743 0.730725 0.007198 0.012530
0 0.430537 0.892084 0.005930 0.012566
0 0.626465 0.414688 0.009974 0.015480
0 0.640836 0.567057 0.006414 0.012722
0 0.190423 0.748027 0.008696 0.017244
0 0.006453 0.371282 0.007157 0.015444
0 0.566349 0.473376 0.007547 0.016481
0 0.167651 0.131310 0.006971 0.014066
0 0.780209 0.282812 0.005285 0.010860
0 0.103103 0.277352 0.007981 0.015092
0 0.697080 0.344234 0.007520 0.012846
0 0.156697 0.952724 0.007437 0.017131
0 0.392407 0.816878 0.006499 0.012757
0 0.190112 0.725925 0.006764 0.014389
0 0.065147 0.227884 0.006008 0.013907
0 0.089064 0.629220 0.012118 0.023654
0 0.366225 0.640923 0.005904 0.013056
0 0.121518 0.391591 0.006124 0.013946
0 0.014646 0.414245 0.008946 0.018309
0 0.122247 0.532059 0.007355 0.015963
0 0.148078 0.917851 0.008629 0.017507
0 0.074080 0.434924 0.007271 0.014124