0 0.979417 0.095597 0.016826 0.031959
0 0.428920 0.725155 0.014014 0.029039
0 0.676338 0.461845 0.010104 0.030794
0 0.709824 0.006901 0.016543 0.013802
0 0.634868 0.364667 0.013214 0.029916
0 0.611484 0.973357 0.020632 0.036877
0 0.846435 0.495726 0.011220 0.024297
0 0.929012 0.662890 0.013833 0.027822
0 0.827195 0.014271 0.020978 0.028524
0 0.601466 0.825880 0.015977 0.029517
0 0.656725 0.813547 0.014107 0.028430
0 0.949654 0.428097 0.012279 0.025049
0 0.900261 0.658128 0.012724 0.025834
0 0.208459 0.240283 0.020220 0.031147
0 0.057338 0.282187 0.015945 0.027393
0 0.695157 0.071826 0.019406 0.031670
0 0.975874 0.609313 0.017940 0.031659
0 0.866771 0.795442 0.016270 0.031242
0 0.563074 0.949018 0.023657 0.047618
0 0.509838 0.583470 0.020429 0.030349