0 0.685274 0.117806 0.011068 0.025838
0 0.714597 0.271714 0.012407 0.026827
0 0.606883 0.269761 0.009300 0.022878
0 0.237054 0.393624 0.017776 0.037423
0 0.112251 0.384545 0.014811 0.037301
0 0.135534 0.764220 0.018474 0.039497
0 0.477710 0.486293 0.015860 0.035995
0 0.829427 0.304512 0.015144 0.030786
0 0.105628 0.880741 0.016308 0.031535
0 0.353105 0.290958 0.018632 0.040740
0 0.026407 0.058591 0.014514 0.030964
0 0.867010 0.916210 0.009771 0.024780
0 0.717084 0.600466 0.012888 0.029526
0 0.018615 0.212172 0.022414 0.047654
0 0.677606 0.668907 0.011743 0.030941
0 0.758201 0.127349 0.010008 0.025763
0 0.723957 0.090396 0.012910 0.029748
0 0.691594 0.712242 0.010861 0.024139
0 0.241338 0.684473 0.013018 0.026125
0 0.332787 0.550241 0.014703 0.029215
0 0.449708 0.440489 0.013301 0.030917