0 0.992532 0.958464 0.009688 0.018469
0 0.503865 0.936774 0.013761 0.027530
0 0.559998 0.532301 0.014974 0.030564
0 0.886119 0.721994 0.013373 0.021959
0 0.245765 0.105552 0.013431 0.029436
0 0.947995 0.568461 0.012631 0.027564
0 0.248452 0.700362 0.012632 0.023085
0 0.978462 0.894422 0.011978 0.024391
0 0.122412 0.175566 0.015758 0.030905
0 0.405066 0.507358 0.016002 0.030564
0 0.927329 0.245041 0.014263 0.030626
0 0.033821 0.396004 0.012529 0.027006
0 0.968125 0.903394 0.010546 0.016147
0 0.844129 0.976310 0.017249 0.024415
0 0.926799 0.714235 0.011757 0.021445
0 0.818755 0.789383 0.015367 0.030685
0 0.330907 0.285530 0.015658 0.029851
0 0.765859 0.812129 0.015083 0.031239
0 0.953303 0.779433 0.017155 0.026810
0 0.213947 0.256141 0.014489 0.028143
0 0.675770 0.546624 0.015378 0.035118
0 0.088856 0.038403 0.022419 0.042569
0 0.171739 0.983291 0.019027 0.032406
0 0.625506 0.304853 0.013733 0.028098
0 0.881201 0.750313 0.019277 0.027183
0 0.384939 0.449913 0.012654 0.023711
0 0.415689 0.316187 0.014448 0.028920
0 0.909673 0.851926 0.015480 0.027807
0 0.039096 0.801217 0.033789 0.037061
0 0.519274 0.297938 0.016791 0.033317
0 0.291104 0.260956 0.020203 0.037318
0 0.496956 0.198739 0.017265 0.032997
0 0.971713 0.848038 0.018584 0.022947
0 0.347291 0.792686 0.031145 0.060738
0 0.916790 0.313069 0.017889 0.027241
0 0.650467 0.358670 0.023079 0.037383