0 0.356146 0.007707 0.018633 0.015415
0 0.667073 0.418422 0.038136 0.112183
0 0.587355 0.173623 0.020277 0.047391
0 0.077805 0.043480 0.025240 0.043213
0 0.420052 0.017132 0.021545 0.034264
0 0.192091 0.216353 0.017051 0.043076
0 0.201017 0.311869 0.043160 0.130462
0 0.653173 0.320109 0.046449 0.104618
0 0.035197 0.419811 0.018167 0.053888
0 0.539674 0.426208 0.032894 0.088890
0 0.658943 0.087253 0.021321 0.047377
0 0.021541 0.490722 0.018849 0.033799
0 0.117412 0.856316 0.041807 0.091690
0 0.051843 0.034307 0.015964 0.032694
0 0.707706 0.550898 0.039777 0.081571
0 0.558002 0.652331 0.023355 0.045078
0 0.091064 0.556790 0.014984 0.034979
0 0.544053 0.404405 0.021420 0.043815
0 0.127097 0.502999 0.028762 0.070855
0 0.211247 0.446631 0.023079 0.046382
0 0.287098 0.267925 0.021254 0.042786
0 0.309839 0.519040 0.025182 0.050883
0 0.053437 0.670655 0.022321 0.051911
0 0.233922 0.168521 0.025733 0.047761
0 0.601474 0.772241 0.063433 0.143211
0 0.338289 0.322393 0.020843 0.043007
0 0.658453 0.577345 0.052578 0.077014
0 0.407857 0.065055 0.027900 0.043529
0 0.506089 0.194788 0.022124 0.042345
0 0.150008 0.263014 0.021748 0.056827
0 0.054132 0.791009 0.030511 0.056839
0 0.247486 0.612974 0.048145 0.089438
0 0.204855 0.751071 0.034475 0.058376
0 0.162465 0.961499 0.036158 0.055456
0 0.407720 0.679163 0.033413 0.060852