0 0.883660 0.012703 0.011724 0.025168
0 0.815211 0.167321 0.010653 0.028282
0 0.932976 0.729079 0.011888 0.030395
0 0.878891 0.303896 0.010251 0.027892
0 0.810221 0.413590 0.011794 0.034342
0 0.878902 0.809717 0.014766 0.034322
0 0.831388 0.609134 0.010649 0.028762
0 0.770470 0.303006 0.011583 0.025895
0 0.972521 0.749360 0.011844 0.028985
0 0.884991 0.135536 0.011857 0.029286
0 0.984149 0.285142 0.012340 0.028855
0 0.647008 0.337859 0.012561 0.028454
0 0.975199 0.488532 0.012429 0.033741
0 0.800294 0.150583 0.011592 0.027414
0 0.897736 0.188998 0.012488 0.029584
0 0.891882 0.453932 0.012669 0.029341
0 0.983546 0.230134 0.013449 0.029656
0 0.860012 0.300169 0.011062 0.026616
0 0.877534 0.053803 0.012125 0.025974
0 0.758415 0.607708 0.013040 0.028729
0 0.664887 0.012118 0.011913 0.023737
0 0.884613 0.278840 0.012196 0.027644
0 0.532859 0.141488 0.012354 0.025888
0 0.916883 0.312388 0.011191 0.028271
0 0.642345 0.177711 0.010335 0.030895
0 0.761034 0.087537 0.011841 0.031050
0 0.510890 0.151115 0.012311 0.030361
0 0.591478 0.186918 0.011423 0.030523
0 0.712529 0.189719 0.014174 0.029685
0 0.195140 0.187413 0.020547 0.055981
0 0.492990 0.216592 0.012704 0.028167
0 0.593359 0.074379 0.011483 0.028306
0 0.640132 0.028514 0.011074 0.025995
0 0.793199 0.625561 0.016935 0.030403
0 0.559839 0.384163 0.014057 0.030353
0 0.533127 0.176449 0.012569 0.026972
0 0.709962 0.217896 0.012777 0.026790
0 0.920049 0.796012 0.017781 0.034369
0 0.638457 0.091165 0.012212 0.028866
0 0.518024 0.247172 0.014573 0.039073
0 0.493543 0.080025 0.012200 0.032421
0 0.553606 0.208564 0.013131 0.033154
0 0.474361 0.072877 0.013763 0.031399
0 0.285050 0.584641 0.025650 0.045104