0 0.340651 0.532247 0.006394 0.012027
0 0.091037 0.290215 0.012167 0.023692
0 0.344002 0.902382 0.015114 0.028320
0 0.169087 0.546393 0.011304 0.017534
0 0.314053 0.045267 0.011727 0.015255
0 0.264950 0.611698 0.009476 0.019462
0 0.084109 0.435226 0.012840 0.022440
0 0.182949 0.982183 0.017929 0.032538
0 0.069474 0.982952 0.018589 0.031263
0 0.330427 0.664492 0.007338 0.011017
0 0.354110 0.355593 0.005457 0.010362
0 0.382903 0.721218 0.011178 0.018529
0 0.150063 0.838323 0.009903 0.021466
0 0.325590 0.169147 0.008312 0.013297
0 0.101666 0.911771 0.016251 0.032492
0 0.181735 0.019030 0.014523 0.029266
0 0.309491 0.217763 0.006513 0.010840
0 0.464749 0.441503 0.009802 0.014638
0 0.319647 0.715922 0.011512 0.021579
0 0.256717 0.708457 0.013769 0.024688
0 0.378386 0.541397 0.007030 0.013611
0 0.233178 0.525136 0.006779 0.013136
0 0.268298 0.305998 0.006617 0.014635
0 0.510871 0.237932 0.008154 0.012500
0 0.405592 0.624312 0.006074 0.011401
0 0.208846 0.917554 0.015822 0.030522
0 0.580467 0.470966 0.005702 0.013334
0 0.175333 0.526659 0.010797 0.014836
0 0.535014 0.287475 0.006879 0.014379
0 0.142774 0.679602 0.012543 0.022278
0 0.389435 0.284565 0.006486 0.012428
0 0.203917 0.744185 0.024307 0.047902
0 0.313700 0.328904 0.006338 0.010091
0 0.290312 0.206999 0.008658 0.014532
0 0.285352 0.156111 0.019414 0.021546
0 0.129761 0.127478 0.008317 0.015377
0 0.886558 0.536926 0.007094 0.016145
0 0.401910 0.658493 0.006965 0.012589
0 0.331620 0.236085 0.006913 0.011848
0 0.276585 0.228799 0.007923 0.014515
0 0.369625 0.651743 0.007997 0.015541
0 0.240064 0.039724 0.016956 0.025305
0 0.154328 0.578839 0.013363 0.021738
0 0.385783 0.318023 0.007222 0.013560
0 0.171846 0.505378 0.013668 0.016970
0 0.369944 0.556979 0.007298 0.012775
0 0.461071 0.320650 0.007481 0.014880
0 0.396832 0.471253 0.007649 0.012605
0 0.276464 0.657043 0.009580 0.015613
0 0.453114 0.697750 0.008173 0.021286
0 0.383388 0.632513 0.010699 0.012538
0 0.293018 0.316991 0.009995 0.012010
0 0.306009 0.637227 0.008814 0.017334
0 0.302521 0.408080 0.013013 0.020600
0 0.324201 0.645840 0.009371 0.021865