0 0.624085 0.610609 0.011019 0.020083
0 0.273367 0.669719 0.013184 0.022438
0 0.005441 0.068630 0.010881 0.020148
0 0.242780 0.822817 0.011342 0.019275
0 0.163986 0.040514 0.010887 0.017803
0 0.528797 0.333758 0.015608 0.022456
0 0.302376 0.337529 0.011926 0.020728
0 0.284640 0.233382 0.011791 0.022340
0 0.155738 0.368505 0.014229 0.022531
0 0.895887 0.235854 0.026395 0.039625
0 0.199659 0.699745 0.016732 0.028088
0 0.154162 0.188270 0.012947 0.019942
0 0.231341 0.483794 0.012245 0.020753
0 0.118360 0.032242 0.012180 0.018673
0 0.096935 0.029702 0.011261 0.019242
0 0.124855 0.448955 0.016049 0.025478
0 0.239759 0.493389 0.014088 0.021435
0 0.638268 0.021342 0.016781 0.020522
0 0.827330 0.397730 0.014344 0.027008
0 0.643423 0.167054 0.015112 0.023844
0 0.619327 0.634994 0.016188 0.025520
0 0.869324 0.255520 0.015863 0.028615
0 0.162678 0.798048 0.021452 0.033079
0 0.244551 0.080005 0.012711 0.022073
0 0.552394 0.570245 0.012650 0.023114
0 0.437999 0.461839 0.012632 0.023652
0 0.792655 0.449731 0.017444 0.027672
0 0.111637 0.538049 0.021118 0.044509