0 0.963069 0.984703 0.015577 0.026708
0 0.250405 0.036404 0.008975 0.014028
0 0.061648 0.313148 0.007854 0.013317
0 0.086604 0.874437 0.008476 0.015671
0 0.557238 0.126306 0.007957 0.015308
0 0.381677 0.545251 0.007773 0.012814
0 0.937439 0.631953 0.008827 0.015079
0 0.450833 0.213086 0.008836 0.016436
0 0.072859 0.190352 0.007493 0.014283
0 0.506559 0.988399 0.008586 0.014526
0 0.704280 0.183178 0.008953 0.015738
0 0.073890 0.374584 0.007381 0.013003
0 0.196534 0.108281 0.007904 0.015433
0 0.378062 0.530714 0.009020 0.012811
0 0.890154 0.773017 0.010710 0.029067
0 0.975424 0.899712 0.015178 0.033825
0 0.967629 0.126318 0.006407 0.012482
0 0.091244 0.929820 0.007793 0.014018
0 0.015883 0.232784 0.007076 0.014984
0 0.837168 0.914229 0.008631 0.016303
0 0.091484 0.983096 0.007461 0.016959
0 0.350981 0.507175 0.007144 0.016669
0 0.623169 0.107409 0.012611 0.022479
0 0.977772 0.563261 0.009029 0.017108
0 0.976237 0.864930 0.013292 0.036175
0 0.757731 0.946383 0.013654 0.026222
0 0.051214 0.376756 0.012238 0.018603
0 0.828059 0.654142 0.010797 0.018353
0 0.900246 0.700792 0.013408 0.026518
0 0.705172 0.822349 0.011376 0.024604
0 0.812866 0.427434 0.010238 0.018760
0 0.874659 0.398777 0.011967 0.022423
0 0.906510 0.520636 0.011625 0.019520
0 0.817041 0.475500 0.013409 0.028804
0 0.870632 0.515856 0.012955 0.021588