0 0.624283 0.089784 0.008951 0.016027
0 0.865264 0.707612 0.009705 0.016041
0 0.945770 0.519784 0.010088 0.014050
0 0.669531 0.421551 0.009196 0.016523
0 0.150557 0.614212 0.016049 0.028063
0 0.656724 0.509743 0.007869 0.012033
0 0.596254 0.439081 0.011323 0.018730
0 0.759169 0.294349 0.014022 0.024430
0 0.876766 0.500222 0.010407 0.018650
0 0.486218 0.529906 0.010212 0.023837
0 0.440711 0.560855 0.006791 0.012065
0 0.689572 0.345193 0.008768 0.015167
0 0.071447 0.311886 0.010976 0.015397
0 0.683216 0.287284 0.009055 0.015147
0 0.251925 0.140830 0.010326 0.018356
0 0.772461 0.592465 0.010685 0.019759
0 0.241963 0.426906 0.010318 0.016764
0 0.995046 0.194819 0.008781 0.019057
0 0.351157 0.374179 0.011988 0.022360
0 0.975980 0.308734 0.010601 0.021994
0 0.884477 0.448179 0.013685 0.020765
0 0.956908 0.543937 0.009528 0.015892
0 0.337444 0.479896 0.010347 0.018061
0 0.951680 0.675644 0.009595 0.025637
0 0.978917 0.237350 0.009054 0.014905
0 0.945003 0.047685 0.011253 0.019092
0 0.676801 0.168515 0.009807 0.018410
0 0.624236 0.587345 0.014909 0.025994
0 0.953254 0.333502 0.010991 0.017075
0 0.479563 0.151184 0.011757 0.018972
0 0.813852 0.707340 0.013516 0.021809
0 0.730959 0.636321 0.015157 0.026633
0 0.506373 0.152227 0.011434 0.020747
0 0.967449 0.687362 0.011118 0.020321
0 0.336517 0.310919 0.020012 0.028934
0 0.317417 0.263606 0.007574 0.013988
0 0.943839 0.356150 0.010363 0.016450
0 0.298567 0.146483 0.007908 0.014613
0 0.665748 0.191421 0.010538 0.018598
0 0.177174 0.368764 0.012265 0.020088
0 0.280863 0.411556 0.011942 0.019409
0 0.432267 0.549673 0.007065 0.012599
0 0.436454 0.474288 0.009482 0.016495
0 0.310069 0.238925 0.013443 0.025337
0 0.579155 0.394069 0.011018 0.020331
0 0.590779 0.013375 0.020650 0.026749
0 0.496953 0.124699 0.014276 0.020526
0 0.917449 0.025287 0.009938 0.018701
0 0.951912 0.415786 0.009651 0.015772
0 0.302781 0.333100 0.014489 0.022803
0 0.395704 0.569269 0.012498 0.022709
0 0.745190 0.027075 0.011728 0.020119
0 0.533984 0.346377 0.009798 0.017419
0 0.926310 0.689524 0.014975 0.024035
0 0.900028 0.516328 0.016766 0.027967
0 0.652830 0.275320 0.012602 0.019994
0 0.583213 0.080723 0.020361 0.031742
0 0.514064 0.304829 0.014404 0.025157
0 0.437131 0.178550 0.017411 0.029365
0 0.416854 0.029073 0.016431 0.027434
0 0.519403 0.173647 0.017630 0.029497
0 0.714251 0.284347 0.017973 0.027520