0 0.560066 0.777141 0.009946 0.020536
0 0.420882 0.678555 0.010665 0.021116
0 0.152340 0.319388 0.005726 0.011553
0 0.142185 0.807755 0.013788 0.026852
0 0.061581 0.247027 0.007737 0.017341
0 0.478919 0.558722 0.012707 0.026839
0 0.930665 0.905760 0.009221 0.019242
0 0.109611 0.407765 0.006066 0.015102
0 0.338980 0.822351 0.012983 0.025793
0 0.299550 0.619424 0.009871 0.020284
0 0.062963 0.031823 0.007005 0.011886
0 0.498907 0.578866 0.009835 0.021225
0 0.307104 0.391502 0.012019 0.023199
0 0.567692 0.525464 0.011089 0.023220
0 0.053637 0.436499 0.007492 0.015694
0 0.830827 0.059087 0.029192 0.062128
0 0.809204 0.472599 0.021689 0.044886
0 0.404225 0.883960 0.012278 0.024559
0 0.060893 0.454909 0.009866 0.017142
0 0.648070 0.608806 0.009008 0.017864
0 0.549536 0.431759 0.013424 0.029485
0 0.613516 0.616978 0.008633 0.019046
0 0.828596 0.738879 0.014344 0.029094
0 0.439853 0.631887 0.011029 0.023606
0 0.019747 0.505528 0.009500 0.014469
0 0.764726 0.770484 0.012942 0.028612
0 0.118465 0.319085 0.006357 0.012349
0 0.633885 0.729213 0.007242 0.015401
0 0.537708 0.506592 0.010043 0.022488
0 0.108419 0.762916 0.009550 0.026416
0 0.880990 0.661080 0.011799 0.025681
0 0.023659 0.039258 0.007005 0.013465
0 0.586300 0.481837 0.007642 0.018997
0 0.033244 0.426458 0.008607 0.014539
0 0.039994 0.451503 0.008314 0.018865
0 0.031416 0.386634 0.006908 0.013339
0 0.761443 0.304474 0.006724 0.015959
0 0.011901 0.448923 0.015201 0.030834
0 0.070769 0.062867 0.006831 0.018811
0 0.054648 0.387210 0.007335 0.014172
0 0.884237 0.456905 0.008560 0.018130
0 0.148131 0.373659 0.010255 0.019961
0 0.663979 0.605210 0.009080 0.020367