0 0.334845 0.017272 0.047552 0.034543
0 0.768360 0.609167 0.023746 0.045300
0 0.022155 0.284344 0.019274 0.038389
0 0.713668 0.497284 0.056036 0.097558
0 0.509164 0.035583 0.026462 0.047848
0 0.992477 0.935623 0.013210 0.037840
0 0.679710 0.277412 0.026791 0.052116
0 0.101441 0.281363 0.014160 0.040253
0 0.064950 0.215462 0.015474 0.036995
0 0.121716 0.116105 0.025146 0.040935
0 0.071779 0.688340 0.022926 0.046482
0 0.253370 0.295986 0.016795 0.033113
0 0.984013 0.318558 0.030240 0.066319
0 0.897655 0.666606 0.025560 0.049702
0 0.375831 0.380788 0.025086 0.047927
0 0.159848 0.739914 0.024218 0.046476
0 0.092200 0.733049 0.027019 0.042697
0 0.930467 0.818122 0.028266 0.051964
0 0.417822 0.695018 0.030109 0.052349
0 0.435070 0.581365 0.043916 0.062087
0 0.256803 0.889481 0.032883 0.048562
0 0.592675 0.524118 0.049256 0.101681