0 0.555846 0.984050 0.011400 0.024815
0 0.457695 0.736534 0.012201 0.020975
0 0.132823 0.076261 0.023322 0.047240
0 0.202926 0.051929 0.021396 0.044883
0 0.357571 0.833949 0.010394 0.019817
0 0.459195 0.604185 0.010253 0.024387
0 0.331046 0.959280 0.013504 0.023408
0 0.401659 0.524686 0.013080 0.022886
0 0.325136 0.929142 0.016618 0.021861
0 0.293243 0.947407 0.015188 0.023691
0 0.312486 0.976509 0.013774 0.023279
0 0.164446 0.949603 0.013729 0.020863
0 0.234898 0.707543 0.016309 0.027493
0 0.351022 0.808822 0.016354 0.025771
0 0.401996 0.782437 0.015571 0.026039
0 0.425230 0.739419 0.016834 0.025510
0 0.326029 0.538391 0.017386 0.030422
0 0.212778 0.814989 0.016598 0.029022
0 0.314612 0.457330 0.017582 0.033112
0 0.124938 0.666689 0.017855 0.021376
0 0.183493 0.632348 0.020667 0.031463
0 0.352919 0.614859 0.020566 0.028443
0 0.205179 0.678694 0.020661 0.030683