0 0.342662 0.093549 0.016970 0.030544
0 0.165061 0.867772 0.013824 0.020445
0 0.033901 0.542339 0.016512 0.029643
0 0.265676 0.090684 0.016013 0.032400
0 0.612348 0.083075 0.012722 0.024354
0 0.588281 0.160143 0.015696 0.028278
0 0.261721 0.201086 0.017448 0.033543
0 0.823094 0.337076 0.020019 0.036470
0 0.262113 0.259674 0.017200 0.030604
0 0.823625 0.053230 0.017373 0.031798
0 0.819346 0.308109 0.019129 0.039088
0 0.488076 0.657989 0.031012 0.034147
0 0.008304 0.448374 0.016608 0.041480
0 0.395650 0.743210 0.023215 0.034144
0 0.749464 0.280554 0.018404 0.037992
0 0.864665 0.419634 0.018669 0.035124
0 0.378022 0.482790 0.015388 0.031365
0 0.258220 0.978343 0.018564 0.023325
0 0.445378 0.091384 0.018264 0.034289
0 0.470848 0.756303 0.018881 0.036714
0 0.652994 0.698458 0.021553 0.040397
0 0.035959 0.487138 0.017349 0.025223
0 0.778129 0.169768 0.017918 0.033578
0 0.207751 0.892371 0.021057 0.036981
0 0.593421 0.236630 0.019399 0.036114
0 0.302844 0.953129 0.016120 0.023388
0 0.483573 0.499225 0.020468 0.036734
0 0.763093 0.077307 0.021879 0.039347
0 0.129322 0.624484 0.038122 0.044726
0 0.726562 0.807220 0.022405 0.042544
0 0.273683 0.851415 0.018963 0.023300
0 0.717487 0.276213 0.017133 0.032327
0 0.282894 0.412938 0.025353 0.045788
0 0.175577 0.791060 0.019684 0.027457
0 0.627823 0.460419 0.019130 0.037018
0 0.393498 0.313073 0.018754 0.036054
0 0.315134 0.436847 0.018677 0.034235
0 0.666269 0.513826 0.023453 0.051889
0 0.167880 0.077553 0.056063 0.091628
0 0.481070 0.620983 0.019001 0.035848
0 0.266756 0.165992 0.026381 0.045599
0 0.340414 0.482510 0.020139 0.032651
0 0.512458 0.548264 0.022401 0.042303
0 0.343617 0.619121 0.027374 0.048276
0 0.364089 0.732594 0.028067 0.052818
0 0.702618 0.851007 0.042901 0.081209
0 0.963782 0.470584 0.036786 0.068275