0 0.062095 0.021072 0.042207 0.042145
0 0.094326 0.875863 0.012237 0.024326
0 0.802778 0.541307 0.011843 0.025362
0 0.141701 0.989137 0.011142 0.018957
0 0.439954 0.602779 0.011919 0.026849
0 0.823671 0.289262 0.009471 0.020245
0 0.975196 0.952782 0.015177 0.023700
0 0.104427 0.275690 0.018284 0.030482
0 0.764714 0.426987 0.011080 0.027054
0 0.291746 0.461742 0.017268 0.032942
0 0.912045 0.392836 0.014192 0.029253
0 0.940581 0.426655 0.012050 0.021671
0 0.641210 0.331555 0.011675 0.023785
0 0.083686 0.984996 0.017435 0.026340
0 0.983313 0.227007 0.012254 0.019964
0 0.214558 0.983126 0.011768 0.020581
0 0.988409 0.654666 0.014931 0.025877
0 0.785797 0.661552 0.014539 0.027498
0 0.989010 0.558764 0.016655 0.033057
0 0.157635 0.394034 0.014914 0.030498
0 0.878745 0.977447 0.018585 0.033883
0 0.148353 0.048340 0.020764 0.042216
0 0.760707 0.671428 0.026991 0.047158