0 0.582542 0.907281 0.013142 0.024422
0 0.276711 0.986098 0.014475 0.026028
0 0.052051 0.291318 0.009895 0.021020
0 0.345015 0.456311 0.012153 0.023148
0 0.095099 0.473009 0.010344 0.021612
0 0.066871 0.339152 0.010037 0.020301
0 0.743756 0.016356 0.016752 0.031672
0 0.073314 0.248979 0.015185 0.031266
0 0.318513 0.345905 0.015559 0.030431
0 0.192053 0.929398 0.015701 0.028711
0 0.703296 0.613827 0.014747 0.032036
0 0.514671 0.248441 0.015733 0.032579
0 0.163541 0.251402 0.010461 0.023359
0 0.839015 0.067781 0.016746 0.038884
0 0.327228 0.575162 0.014070 0.029525
0 0.091970 0.926208 0.010825 0.021806
0 0.356289 0.172303 0.015302 0.036078
0 0.334802 0.664030 0.012544 0.024205
0 0.289941 0.145701 0.015956 0.033273
0 0.420720 0.665628 0.013569 0.028354
0 0.220429 0.302573 0.014451 0.031006
0 0.663773 0.716713 0.020273 0.030696
0 0.282183 0.417017 0.012409 0.022720
0 0.452125 0.678541 0.012146 0.022353
0 0.958673 0.522774 0.020547 0.048645
0 0.425580 0.615477 0.015109 0.025751
0 0.463621 0.301487 0.018261 0.040058
0 0.439127 0.330463 0.018164 0.037160
0 0.210372 0.510026 0.015241 0.025377
0 0.350011 0.522279 0.014385 0.032588