0 0.234646 0.800546 0.021241 0.036966
0 0.941021 0.393607 0.021757 0.047502
0 0.483539 0.201047 0.009599 0.018501
0 0.010082 0.274028 0.009577 0.021196
0 0.014096 0.500371 0.017345 0.035671
0 0.842175 0.341983 0.018172 0.036470
0 0.482551 0.747362 0.014528 0.033027
0 0.926998 0.151824 0.013136 0.034741
0 0.646016 0.963008 0.022070 0.043258
0 0.852562 0.417109 0.017853 0.038247
0 0.913305 0.669652 0.014956 0.030579
0 0.974971 0.351099 0.014817 0.033863
0 0.805720 0.368541 0.012691 0.034164
0 0.066279 0.737364 0.010919 0.020708
0 0.359156 0.912827 0.022220 0.042946
0 0.744357 0.971939 0.018143 0.036492
0 0.933021 0.860956 0.024464 0.060174
0 0.947786 0.814821 0.011263 0.021803
0 0.100142 0.378806 0.011093 0.024919
0 0.599861 0.553417 0.012488 0.026099
0 0.488846 0.260710 0.007826 0.021131
0 0.534761 0.476134 0.013170 0.030281
0 0.121593 0.478386 0.013598 0.030093
0 0.728599 0.588465 0.018659 0.039045
0 0.396380 0.439977 0.016203 0.034156
0 0.096455 0.813823 0.009605 0.018285
0 0.055567 0.473030 0.014851 0.030489
0 0.210728 0.597939 0.030022 0.067461
0 0.037364 0.729521 0.010108 0.023172
0 0.967079 0.695342 0.018623 0.040103
0 0.087228 0.242196 0.009071 0.020200
0 0.219460 0.895101 0.014174 0.027728
0 0.073407 0.198195 0.009970 0.023294
0 0.534689 0.288794 0.007988 0.019080
0 0.168589 0.616408 0.016403 0.039379
0 0.137158 0.704871 0.014032 0.027112
0 0.579123 0.630644 0.019942 0.041853
0 0.453712 0.113473 0.008834 0.023352
0 0.650368 0.545242 0.015599 0.033115
0 0.442200 0.573467 0.012624 0.025613