0 0.645056 0.167933 0.014091 0.031182
0 0.031450 0.833402 0.011832 0.017650
0 0.251912 0.841314 0.009351 0.016293
0 0.516524 0.341567 0.010827 0.022038
0 0.109966 0.598764 0.010360 0.037017
0 0.553325 0.800659 0.011038 0.020310
0 0.631180 0.311684 0.007490 0.015582
0 0.789440 0.391040 0.011622 0.019863
0 0.831856 0.227711 0.011585 0.021578
0 0.113657 0.508955 0.011277 0.041223
0 0.949066 0.232070 0.012042 0.023631
0 0.620662 0.853479 0.007625 0.013996
0 0.816865 0.732285 0.012690 0.020772
0 0.923566 0.970945 0.007566 0.016299
0 0.468544 0.175308 0.013977 0.027093
0 0.129754 0.127118 0.011364 0.027477
0 0.598502 0.835273 0.009178 0.014721
0 0.346630 0.737153 0.008614 0.019499
0 0.120090 0.347160 0.010188 0.028314
0 0.331005 0.286059 0.009045 0.019288
0 0.105366 0.933984 0.010206 0.020053
0 0.099875 0.190173 0.010653 0.020329
0 0.660858 0.831949 0.008741 0.015972
0 0.348729 0.202405 0.014773 0.032268
0 0.025669 0.186990 0.016574 0.027965
0 0.059620 0.201404 0.012709 0.025803
0 0.243898 0.199866 0.015222 0.028833
0 0.361401 0.667159 0.014907 0.032817
0 0.114624 0.449608 0.013734 0.028661
0 0.860140 0.554224 0.017286 0.028776
0 0.341839 0.597294 0.011623 0.021372
0 0.346420 0.775668 0.007630 0.016784
0 0.156187 0.833613 0.011577 0.017134
0 0.591983 0.957347 0.011055 0.015178
0 0.160344 0.178461 0.014494 0.028269
0 0.679357 0.575466 0.007630 0.015090
0 0.157695 0.454390 0.018010 0.031890
0 0.278202 0.318627 0.010155 0.019592
0 0.668160 0.398132 0.010197 0.018108
0 0.591660 0.175502 0.009547 0.019994
0 0.524557 0.244200 0.010661 0.022418
0 0.441571 0.607074 0.009565 0.015020
0 0.088516 0.849122 0.027577 0.053733
0 0.556370 0.629339 0.011308 0.019626
0 0.113729 0.851278 0.024787 0.048179
0 0.313624 0.038271 0.010106 0.023233
0 0.511818 0.159732 0.008954 0.016775
0 0.716956 0.511316 0.011898 0.023873
0 0.325679 0.586952 0.014785 0.025842
0 0.807371 0.106490 0.016999 0.030825