0 0.832716 0.341530 0.008754 0.020442
0 0.258839 0.901291 0.014777 0.030308
0 0.881376 0.504803 0.008261 0.021483
0 0.232383 0.100079 0.013297 0.026812
0 0.351447 0.986130 0.017987 0.026781
0 0.244881 0.110294 0.014530 0.028307
0 0.875403 0.239135 0.014778 0.030050
0 0.649556 0.019653 0.016263 0.034835
0 0.541379 0.114785 0.015869 0.034154
0 0.320123 0.159166 0.016858 0.030649
0 0.321787 0.598497 0.016329 0.032481
0 0.273939 0.870799 0.019147 0.037844
0 0.287123 0.664251 0.012999 0.022235
0 0.155351 0.509475 0.016104 0.029920
0 0.220875 0.070627 0.015438 0.032198
0 0.242144 0.198257 0.015036 0.030526
0 0.256876 0.773597 0.012740 0.022016
0 0.114849 0.349524 0.016705 0.035005
0 0.059254 0.676343 0.015703 0.036931
0 0.269666 0.569977 0.018759 0.026442
0 0.366233 0.480717 0.022262 0.047311