0 0.255268 0.369488 0.013061 0.028913
0 0.108596 0.443079 0.017190 0.031343
0 0.104005 0.548245 0.012433 0.028380
0 0.064851 0.362758 0.016186 0.041031
0 0.235543 0.407960 0.013046 0.031619
0 0.484472 0.721958 0.020163 0.041305
0 0.456063 0.045318 0.014433 0.030348
0 0.338986 0.028596 0.019475 0.039494
0 0.407500 0.713458 0.013420 0.028905
0 0.424365 0.513671 0.013933 0.028267
0 0.277022 0.465606 0.014182 0.030792
0 0.177914 0.695248 0.015750 0.031110
0 0.509290 0.569532 0.012761 0.043581
0 0.449802 0.586342 0.018496 0.034791
0 0.125187 0.336214 0.018887 0.040788
0 0.153237 0.222062 0.017585 0.037415
0 0.385778 0.664748 0.019454 0.037739
0 0.467125 0.562126 0.024924 0.045381
0 0.436364 0.626173 0.023968 0.053653