0 0.449828 0.617374 0.008861 0.016229
0 0.176315 0.295011 0.011627 0.030118
0 0.824726 0.555557 0.015468 0.033368
0 0.156944 0.582364 0.012529 0.023997
0 0.430355 0.846303 0.011049 0.020408
0 0.510865 0.286488 0.010310 0.019964
0 0.049309 0.727912 0.009645 0.017723
0 0.171334 0.891357 0.009297 0.017752
0 0.895959 0.114392 0.010175 0.019136
0 0.869480 0.233145 0.009591 0.017008
0 0.274924 0.274179 0.008966 0.017172
0 0.870676 0.554614 0.009719 0.025237
0 0.416609 0.574299 0.008504 0.017868
0 0.359407 0.418617 0.009534 0.018311
0 0.138048 0.326584 0.010097 0.022448
0 0.795387 0.464015 0.013074 0.030290
0 0.615901 0.477804 0.009486 0.019010
0 0.471435 0.222574 0.020995 0.043814
0 0.360607 0.614157 0.010810 0.021726
0 0.520819 0.885641 0.011273 0.021129
0 0.813488 0.756596 0.014775 0.028876
0 0.857693 0.394610 0.010258 0.019669
0 0.898569 0.491334 0.016619 0.036573
0 0.747346 0.270790 0.013000 0.023917
0 0.348538 0.762934 0.008771 0.016917
0 0.449560 0.278799 0.010243 0.019792
0 0.831228 0.741946 0.012357 0.023055
0 0.637257 0.261052 0.013234 0.025984
0 0.636990 0.857177 0.011472 0.019609
0 0.767260 0.151392 0.017086 0.031128
0 0.497188 0.429529 0.012350 0.025636
0 0.458097 0.464692 0.012635 0.024761
0 0.520693 0.722121 0.016299 0.032827
0 0.693013 0.239471 0.021019 0.035517
0 0.711624 0.191366 0.018551 0.036861