0 0.016442 0.896989 0.012073 0.026203
0 0.429815 0.698346 0.008514 0.016059
0 0.153846 0.484716 0.011279 0.021349
0 0.836156 0.529701 0.009452 0.019907
0 0.992026 0.596619 0.014589 0.033715
0 0.993093 0.552818 0.012156 0.026278
0 0.039508 0.844111 0.018707 0.041464
0 0.671414 0.200488 0.013578 0.026540
0 0.778876 0.011733 0.016449 0.023453
0 0.654868 0.935892 0.014515 0.027983
0 0.245506 0.529678 0.009637 0.020206
0 0.349606 0.736501 0.007777 0.013338
0 0.207342 0.271833 0.007280 0.018870
0 0.389337 0.365699 0.010506 0.021210
0 0.952980 0.784080 0.011342 0.023170
0 0.667098 0.808943 0.013889 0.025126
0 0.338008 0.686634 0.010077 0.021180
0 0.399277 0.427411 0.012589 0.027770
0 0.944315 0.049099 0.014235 0.028681
0 0.795482 0.720573 0.014287 0.028398
0 0.696358 0.167138 0.016644 0.034001
0 0.253478 0.663330 0.008945 0.016905
0 0.178591 0.271487 0.012824 0.027046
0 0.508671 0.491666 0.009830 0.016674
0 0.454763 0.764342 0.010213 0.018630
0 0.564271 0.777732 0.011662 0.023271