0 0.894805 0.572737 0.008608 0.020447
0 0.626372 0.645717 0.012688 0.027347
0 0.226822 0.033774 0.024491 0.050570
0 0.088604 0.141131 0.012564 0.027884
0 0.936132 0.652637 0.009629 0.020180
0 0.936329 0.074281 0.007715 0.021451
0 0.963790 0.251143 0.008328 0.022375
0 0.431312 0.050377 0.015716 0.028742
0 0.781857 0.708590 0.009836 0.018183
0 0.209849 0.297511 0.013417 0.025056
0 0.897736 0.024183 0.008091 0.018107
0 0.860365 0.063394 0.007958 0.018622
0 0.963045 0.831983 0.007948 0.017937
0 0.895050 0.149251 0.010068 0.020861
0 0.294990 0.797894 0.012503 0.026290
0 0.420410 0.450649 0.011957 0.026462
0 0.684001 0.270451 0.013864 0.027090
0 0.831447 0.460904 0.008428 0.018434
0 0.967342 0.897117 0.009121 0.019633
0 0.646294 0.020986 0.014860 0.028918
0 0.760143 0.488742 0.008431 0.020505
0 0.843858 0.445567 0.008010 0.018092
0 0.609723 0.249968 0.015400 0.030388
0 0.962658 0.950052 0.011043 0.023066
0 0.769036 0.142442 0.008152 0.017558
0 0.270434 0.678350 0.014500 0.033492
0 0.345885 0.198143 0.013068 0.027903
0 0.844384 0.510831 0.008394 0.018162
0 0.862229 0.456155 0.007777 0.017160
0 0.426278 0.496131 0.020175 0.040067
0 0.733815 0.131706 0.009183 0.024412
0 0.425524 0.165669 0.015999 0.033616
0 0.762233 0.598985 0.010247 0.021930
0 0.738309 0.055987 0.009000 0.020007
0 0.690673 0.059270 0.011496 0.023942
0 0.704256 0.599724 0.013151 0.024096
0 0.887581 0.246685 0.009617 0.025959
0 0.349211 0.350066 0.018222 0.036041
0 0.483427 0.141344 0.026453 0.058070
0 0.178588 0.167855 0.021932 0.045444
0 0.678592 0.497407 0.011994 0.024477
0 0.816138 0.212936 0.010331 0.022262