0 0.762823 0.179940 0.008078 0.015600
0 0.607517 0.439373 0.009188 0.017948
0 0.697262 0.187670 0.009518 0.017125
0 0.845436 0.460081 0.008376 0.017941
0 0.569758 0.173902 0.008560 0.017742
0 0.574565 0.213273 0.009025 0.017893
0 0.735039 0.399446 0.008009 0.018010
0 0.572416 0.501331 0.008593 0.017043
0 0.063822 0.479031 0.007832 0.019704
0 0.032006 0.428675 0.009357 0.020328
0 0.689504 0.236701 0.010037 0.021045
0 0.773070 0.177244 0.009883 0.018597
0 0.667224 0.008880 0.008608 0.015573
0 0.852579 0.092623 0.008603 0.018206
0 0.202917 0.012415 0.013658 0.024235
0 0.576858 0.059872 0.008601 0.018150
0 0.835480 0.093310 0.007595 0.017816
0 0.876468 0.921981 0.008515 0.019475
0 0.564287 0.207372 0.007716 0.016323
0 0.786300 0.403042 0.007626 0.020898
0 0.587407 0.125531 0.009630 0.018377
0 0.524953 0.299032 0.008326 0.016872
0 0.929949 0.206211 0.008750 0.017564
0 0.834643 0.696251 0.009085 0.016983
0 0.742730 0.396824 0.007981 0.015648
0 0.673304 0.516629 0.008037 0.017311
0 0.093073 0.223784 0.007454 0.016721
0 0.773268 0.127922 0.008249 0.017377
0 0.310090 0.343886 0.009373 0.018833
0 0.973895 0.185795 0.008630 0.017456
0 0.629141 0.268103 0.009143 0.017337
0 0.893685 0.028609 0.008408 0.017786
0 0.817496 0.117663 0.008653 0.017526
0 0.288831 0.453819 0.009121 0.017656
0 0.489654 0.532089 0.008880 0.017842
0 0.470893 0.490896 0.009227 0.018668
0 0.527029 0.469972 0.008723 0.019121
0 0.747823 0.438000 0.009487 0.018175
0 0.945849 0.076200 0.009307 0.019426
0 0.933033 0.568283 0.008738 0.018151
0 0.638415 0.736195 0.008937 0.019362
0 0.670371 0.910879 0.009369 0.017668
0 0.865967 0.140724 0.009143 0.021105
0 0.482639 0.933349 0.008069 0.017099
0 0.682235 0.500265 0.008002 0.018722
0 0.116978 0.037507 0.007799 0.016902
0 0.489605 0.480338 0.009539 0.019847
0 0.870473 0.196342 0.008349 0.017805
0 0.122755 0.165488 0.009224 0.019209
0 0.136624 0.154680 0.008833 0.017056
0 0.433848 0.373744 0.008648 0.018347
0 0.722944 0.209927 0.009312 0.020426
0 0.494117 0.371856 0.008617 0.017020
0 0.685963 0.266204 0.010067 0.018747
0 0.505604 0.329507 0.009363 0.018279
0 0.150181 0.175058 0.008994 0.017434
0 0.183122 0.241855 0.009020 0.018139
0 0.761440 0.194286 0.010197 0.017865
0 0.582623 0.230081 0.010068 0.019353
0 0.912929 0.017900 0.008807 0.019111
0 0.710674 0.793971 0.010208 0.019500
0 0.333276 0.978913 0.010136 0.019267
0 0.533205 0.810150 0.012110 0.020271
0 0.867959 0.290967 0.011596 0.018979