0 0.087777 0.163706 0.008761 0.016470
0 0.372058 0.180046 0.010029 0.014480
0 0.921286 0.674399 0.016300 0.035689
0 0.730712 0.976430 0.035197 0.044186
0 0.137887 0.089612 0.013116 0.023551
0 0.504370 0.496548 0.015650 0.026387
0 0.276120 0.253061 0.010961 0.016223
0 0.240945 0.990137 0.013292 0.017259
0 0.207553 0.928419 0.010088 0.017836
0 0.347429 0.341122 0.014972 0.025115
0 0.380743 0.378383 0.009234 0.016961
0 0.526063 0.265787 0.009701 0.020445
0 0.082377 0.886710 0.012825 0.022977
0 0.074906 0.807800 0.012593 0.016898
0 0.163203 0.675068 0.013408 0.030969
0 0.427640 0.165487 0.012138 0.016029
0 0.019859 0.627906 0.012256 0.028913
0 0.503528 0.238012 0.011898 0.020379
0 0.500561 0.126845 0.009143 0.021284
0 0.499323 0.182985 0.010934 0.022143
0 0.374555 0.228404 0.009949 0.015330
0 0.475397 0.009636 0.013009 0.019271
0 0.407080 0.087400 0.010595 0.015060
0 0.125156 0.675812 0.009937 0.019246
0 0.363861 0.100148 0.010777 0.016945
0 0.065479 0.387411 0.016824 0.024058
0 0.343271 0.282218 0.012442 0.022552
0 0.237130 0.887709 0.017112 0.033268
0 0.479424 0.358524 0.012819 0.022922
0 0.311516 0.254695 0.011173 0.018598
0 0.205640 0.093732 0.010489 0.016946
0 0.268462 0.089824 0.017106 0.022200
0 0.386930 0.422327 0.012304 0.022259
0 0.304122 0.424002 0.015022 0.027722
0 0.112640 0.078450 0.019217 0.035011
0 0.247825 0.138958 0.019501 0.035043
0 0.118946 0.358868 0.020632 0.036387