0 0.453689 0.591770 0.007127 0.012248
0 0.843954 0.089042 0.008128 0.013438
0 0.407626 0.804991 0.007118 0.014538
0 0.614333 0.498377 0.008808 0.015804
0 0.618409 0.600918 0.006258 0.013379
0 0.643843 0.151887 0.008505 0.013424
0 0.538559 0.972822 0.011806 0.017692
0 0.896317 0.939697 0.022889 0.042086
0 0.703240 0.614110 0.022362 0.042003
0 0.901145 0.396503 0.006400 0.014586
0 0.563258 0.530802 0.008056 0.015789
0 0.423597 0.606676 0.009110 0.021549
0 0.605499 0.355008 0.008862 0.015932
0 0.130015 0.957639 0.009272 0.016302
0 0.725438 0.645606 0.010990 0.018472
0 0.264402 0.594422 0.008366 0.015573
0 0.580017 0.360294 0.009598 0.019378
0 0.582370 0.330170 0.007565 0.012095
0 0.153559 0.461639 0.006974 0.015356
0 0.710282 0.983777 0.008792 0.013993
0 0.474895 0.149369 0.007250 0.012247
0 0.413165 0.224396 0.007121 0.012785
0 0.352232 0.552428 0.009974 0.022082
0 0.978258 0.334565 0.007691 0.015589
0 0.228231 0.613012 0.008373 0.013271
0 0.177897 0.842475 0.008898 0.015598
0 0.408177 0.279050 0.009725 0.019371
0 0.257910 0.176361 0.010545 0.019344
0 0.268584 0.161658 0.012607 0.020801
0 0.923306 0.091230 0.008870 0.012920
0 0.572816 0.435158 0.007447 0.013614
0 0.117600 0.681692 0.011130 0.018850
0 0.961456 0.291338 0.008356 0.014367
0 0.665795 0.013766 0.010269 0.015796
0 0.389592 0.236977 0.022653 0.039878
0 0.654105 0.063731 0.008374 0.018532
0 0.158296 0.848793 0.010304 0.022443
0 0.755644 0.341215 0.009028 0.019535
0 0.935042 0.401167 0.009063 0.015320
0 0.304402 0.162797 0.016362 0.030149
0 0.673899 0.512633 0.008080 0.012463
0 0.848524 0.271474 0.008057 0.013823
0 0.796552 0.410344 0.006976 0.014353
0 0.409872 0.852929 0.017457 0.036544
0 0.205001 0.038293 0.019671 0.036961
0 0.203703 0.163556 0.014568 0.027131
0 0.581879 0.638062 0.007953 0.014619
0 0.049887 0.249900 0.016599 0.031502
0 0.378918 0.140737 0.011046 0.015352
0 0.400397 0.339422 0.009958 0.014850
0 0.017517 0.096741 0.010665 0.023275
0 0.438319 0.274016 0.009413 0.015041
0 0.059499 0.302675 0.021028 0.035871
0 0.171364 0.194354 0.010761 0.018227
0 0.925919 0.258599 0.008540 0.016329
0 0.228544 0.968632 0.008092 0.017735
0 0.162776 0.488100 0.007728 0.012211
0 0.187633 0.434062 0.007461 0.012829
0 0.133398 0.549378 0.007682 0.012194
0 0.513371 0.679393 0.007608 0.015807
0 0.673091 0.973302 0.011384 0.017868
0 0.348126 0.807109 0.011350 0.021821
0 0.673372 0.929508 0.015172 0.022060
0 0.304294 0.494345 0.009144 0.014393
0 0.533650 0.797863 0.009269 0.016159