0 0.330992 0.427170 0.010026 0.019916
0 0.233670 0.362244 0.010981 0.019604
0 0.796807 0.358039 0.010086 0.023964
0 0.960935 0.683181 0.013392 0.029569
0 0.732701 0.336927 0.014776 0.034050
0 0.065654 0.288601 0.012788 0.023976
0 0.428277 0.399935 0.008869 0.021691
0 0.602319 0.314133 0.010818 0.020279
0 0.277973 0.384971 0.011463 0.017798
0 0.488232 0.392197 0.010584 0.021434
0 0.588353 0.855291 0.013617 0.030263
0 0.922871 0.252980 0.016853 0.033506
0 0.319807 0.185364 0.014183 0.025433
0 0.255097 0.262261 0.011602 0.021465
0 0.246389 0.567569 0.012139 0.021959
0 0.706338 0.356640 0.015212 0.030683
0 0.357524 0.174167 0.010987 0.020999
0 0.282521 0.197072 0.009450 0.021127
0 0.423929 0.668514 0.012291 0.019328
0 0.434111 0.247064 0.011097 0.020695
0 0.319886 0.462513 0.013984 0.022060
0 0.915554 0.523220 0.012562 0.022262
0 0.491432 0.295265 0.012229 0.020677
0 0.853940 0.410892 0.015020 0.032981
0 0.477004 0.300928 0.011617 0.021159
0 0.512767 0.574195 0.011706 0.023207
0 0.107528 0.669569 0.019722 0.037662
0 0.234436 0.130603 0.010570 0.019316
0 0.343952 0.718373 0.011778 0.019685
0 0.983947 0.630667 0.013467 0.030815
0 0.210556 0.313375 0.011994 0.020381
0 0.626205 0.394567 0.016972 0.032959
0 0.254959 0.655268 0.014707 0.021906
0 0.844053 0.617591 0.014821 0.025904
0 0.467362 0.262313 0.014046 0.023022
0 0.431286 0.846936 0.016614 0.031365
0 0.274867 0.424683 0.022079 0.028026
0 0.596269 0.478401 0.019743 0.035753
0 0.564607 0.707600 0.017854 0.033290
0 0.360213 0.302934 0.017838 0.025202