0 0.446086 0.232613 0.018100 0.043906
0 0.422691 0.600137 0.023678 0.045364
0 0.229049 0.361322 0.015629 0.030185
0 0.874800 0.931182 0.033788 0.064133
0 0.091197 0.189444 0.019421 0.039430
0 0.106070 0.771768 0.017570 0.032012
0 0.045244 0.511919 0.030427 0.051982
0 0.161670 0.070765 0.012200 0.034946
0 0.217944 0.189857 0.027632 0.048642
0 0.103000 0.986285 0.040681 0.025749
0 0.819985 0.231093 0.061322 0.123135
0 0.208171 0.110833 0.016066 0.037655
0 0.186708 0.639367 0.019743 0.029789
0 0.386089 0.210410 0.026260 0.041461
0 0.199526 0.672940 0.017873 0.039312
0 0.373978 0.323449 0.028801 0.051187
0 0.353061 0.812034 0.017870 0.047555
0 0.180370 0.211425 0.024972 0.052017
0 0.386552 0.120890 0.020031 0.052974
0 0.256686 0.251615 0.016904 0.032649
0 0.039118 0.712408 0.014324 0.034049
0 0.322823 0.059233 0.019631 0.038740
0 0.111171 0.423403 0.026746 0.056865
0 0.763825 0.906158 0.033721 0.067181
0 0.056870 0.583790 0.036332 0.066720
0 0.539621 0.011766 0.023100 0.023531
0 0.157662 0.771810 0.021400 0.045541
0 0.298018 0.149447 0.022348 0.042406
0 0.356347 0.985411 0.024621 0.027563
0 0.159852 0.451620 0.018699 0.035078
0 0.136271 0.694388 0.015851 0.032596
0 0.215067 0.585938 0.021987 0.040104
0 0.394255 0.077139 0.044071 0.051080
0 0.168613 0.033262 0.016046 0.034827
0 0.276038 0.882982 0.024147 0.035600
0 0.821403 0.754317 0.028210 0.053683
0 0.188349 0.804002 0.025161 0.040723
0 0.156837 0.551306 0.021530 0.052063
0 0.545835 0.706736 0.028302 0.056999
0 0.230930 0.852720 0.033473 0.054792
0 0.655570 0.402285 0.036918 0.057469
0 0.385043 0.793322 0.021231 0.049526
0 0.672209 0.603142 0.038063 0.067431
0 0.300496 0.353193 0.038634 0.077508
0 0.551842 0.504707 0.029912 0.052158
0 0.684950 0.535515 0.043250 0.079195