0 0.230960 0.548360 0.007590 0.020705
0 0.280364 0.521036 0.010332 0.022822
0 0.374554 0.665385 0.008182 0.015860
0 0.904158 0.650175 0.025498 0.059616
0 0.061762 0.311188 0.008825 0.018647
0 0.144640 0.112501 0.019947 0.029600
0 0.269856 0.924134 0.010146 0.019927
0 0.433462 0.079816 0.019290 0.041598
0 0.066144 0.507984 0.016948 0.033528
0 0.133006 0.011092 0.016340 0.021622
0 0.174237 0.913106 0.014720 0.029438
0 0.822581 0.942558 0.012155 0.031501
0 0.340651 0.873832 0.012280 0.028837
0 0.383381 0.726452 0.013754 0.017725
0 0.800714 0.967390 0.015484 0.032473
0 0.379424 0.706266 0.014012 0.022071
0 0.093317 0.790722 0.019003 0.037426
0 0.941864 0.907168 0.067080 0.123015
0 0.371912 0.583110 0.012105 0.022029
0 0.488627 0.049397 0.023414 0.048567
0 0.203547 0.391168 0.019126 0.033157
0 0.748706 0.101302 0.015515 0.033274
0 0.301798 0.462804 0.024078 0.043412
0 0.136279 0.393401 0.015764 0.041930