0 0.129456 0.859189 0.007953 0.015492
0 0.178364 0.259439 0.009884 0.021746
0 0.183495 0.602839 0.010761 0.014286
0 0.438050 0.319957 0.011421 0.015218
0 0.120625 0.992873 0.012886 0.011605
0 0.923756 0.622974 0.010694 0.014600
0 0.885182 0.488935 0.009409 0.017304
0 0.292166 0.628886 0.011426 0.019320
0 0.961038 0.611620 0.007894 0.016191
0 0.296124 0.733459 0.011129 0.015672
0 0.812347 0.470558 0.009967 0.015054
0 0.990287 0.567883 0.012739 0.015873
0 0.916966 0.520176 0.011594 0.017910
0 0.237140 0.755847 0.011390 0.018601
0 0.410952 0.431205 0.022001 0.028043
0 0.445881 0.699834 0.011015 0.019937
0 0.552967 0.476280 0.016902 0.020831
0 0.214263 0.238598 0.012321 0.027279
0 0.539437 0.429531 0.011222 0.014164
0 0.345305 0.288018 0.015183 0.027925
0 0.590408 0.715462 0.017321 0.029370
0 0.438117 0.418844 0.015541 0.015827
0 0.962218 0.322007 0.012983 0.017466
0 0.202354 0.607750 0.012015 0.017409
0 0.085615 0.789564 0.012445 0.014304
0 0.936133 0.520395 0.010291 0.020815
0 0.447805 0.381210 0.016206 0.022301
0 0.846851 0.434186 0.011389 0.013808
0 0.525313 0.490976 0.009408 0.014165
0 0.883504 0.008569 0.019388 0.017127
0 0.298887 0.837539 0.012771 0.022422
0 0.785806 0.584165 0.009033 0.016852
0 0.678365 0.791747 0.016088 0.018238
0 0.952490 0.587413 0.008541 0.015537
0 0.526295 0.713475 0.012391 0.020943
0 0.603818 0.359861 0.011822 0.018246
0 0.038713 0.921694 0.011968 0.016227
0 0.749425 0.472081 0.011219 0.014249
0 0.056994 0.909824 0.013646 0.014856
0 0.079416 0.720013 0.013524 0.017436
0 0.151628 0.709696 0.012720 0.016747
0 0.062404 0.740839 0.013659 0.017419
0 0.394010 0.370140 0.016340 0.029771
0 0.968340 0.703916 0.013799 0.015944
0 0.756056 0.980859 0.015639 0.022550
0 0.386767 0.513594 0.018527 0.027355
0 0.194230 0.836561 0.012566 0.015159
0 0.956447 0.648372 0.011487 0.015814
0 0.747878 0.437195 0.012195 0.019859
0 0.554406 0.589438 0.016268 0.020637
0 0.785266 0.282469 0.016591 0.019097
0 0.909394 0.689350 0.011245 0.017056
0 0.547724 0.807590 0.031321 0.052781
0 0.308314 0.403739 0.044811 0.043696