0 0.829475 0.776961 0.011759 0.020223
0 0.047338 0.583422 0.013179 0.020357
0 0.416354 0.512113 0.012152 0.016160
0 0.835415 0.618323 0.011138 0.019145
0 0.257833 0.737770 0.012532 0.028918
0 0.711264 0.467785 0.011263 0.019267
0 0.160941 0.538133 0.011890 0.016250
0 0.531069 0.648016 0.009336 0.015592
0 0.595445 0.624547 0.012278 0.022475
0 0.818148 0.851671 0.015394 0.025601
0 0.673687 0.615666 0.020428 0.038325
0 0.292173 0.325274 0.013441 0.022465
0 0.519771 0.641670 0.009715 0.016103
0 0.645013 0.724029 0.010493 0.019518
0 0.045600 0.842166 0.012302 0.013856
0 0.624497 0.914085 0.010445 0.015513
0 0.597472 0.924291 0.009018 0.018745
0 0.346344 0.682848 0.015300 0.019745
0 0.112406 0.565730 0.013343 0.016975
0 0.240571 0.668507 0.015999 0.014258
0 0.789065 0.468287 0.010106 0.014359
0 0.147617 0.595720 0.024078 0.018113
0 0.273420 0.693013 0.011273 0.018208
0 0.257167 0.611976 0.014167 0.016527
0 0.064328 0.876702 0.019910 0.034932
0 0.334813 0.795210 0.020750 0.016767
0 0.019755 0.588103 0.013175 0.025331
0 0.786114 0.810172 0.013819 0.017881
0 0.473556 0.657006 0.011554 0.019105
0 0.569962 0.642401 0.011260 0.017725
0 0.394098 0.538504 0.010106 0.018510
0 0.311087 0.378409 0.015026 0.019002
0 0.557962 0.362014 0.018991 0.029984
0 0.768350 0.497196 0.009835 0.015995
0 0.046247 0.728858 0.016323 0.024851
0 0.186373 0.574122 0.014781 0.017230
0 0.307131 0.766674 0.010584 0.015334
0 0.023949 0.488825 0.023409 0.022028
0 0.206774 0.887393 0.010928 0.018581
0 0.291210 0.669497 0.014509 0.018641
0 0.462549 0.634980 0.010525 0.016282
0 0.738557 0.422895 0.010521 0.026687
0 0.338377 0.839104 0.010574 0.026083
0 0.179013 0.528395 0.013806 0.014686
0 0.358371 0.518692 0.012427 0.014865
0 0.526336 0.987704 0.035980 0.021930
0 0.196556 0.602265 0.013865 0.021227
0 0.265828 0.742222 0.027904 0.021691
0 0.333480 0.655033 0.014525 0.019801
0 0.447365 0.597239 0.010509 0.016855
0 0.358148 0.670993 0.016854 0.018216
0 0.248829 0.499685 0.015097 0.017175
0 0.820436 0.751877 0.015443 0.022431
0 0.583309 0.577361 0.012765 0.023293
0 0.380353 0.689140 0.015052 0.015570
0 0.763146 0.346523 0.012372 0.019509
0 0.354177 0.616159 0.014485 0.020140
0 0.091854 0.647994 0.020362 0.018221
0 0.406691 0.683148 0.012339 0.014339
0 0.383422 0.612194 0.013209 0.018594
0 0.302847 0.698130 0.014426 0.020971
0 0.694691 0.615678 0.012560 0.016735
0 0.794971 0.783392 0.015188 0.024618
0 0.283783 0.804741 0.020520 0.017435
0 0.438142 0.676022 0.016469 0.019076
0 0.375305 0.706125 0.016368 0.018286
0 0.543775 0.662823 0.010342 0.016892
0 0.880326 0.700391 0.014932 0.030349
0 0.455057 0.984000 0.027950 0.028050
0 0.389989 0.758305 0.015063 0.018342
0 0.629716 0.687881 0.011523 0.017460
0 0.356052 0.956307 0.023995 0.045354
0 0.675215 0.757650 0.013025 0.021060
0 0.437569 0.960872 0.017564 0.020095
0 0.590258 0.667044 0.014267 0.019100
0 0.417021 0.836505 0.023327 0.027113
0 0.499153 0.698638 0.013601 0.020767
0 0.447413 0.810019 0.014348 0.023410
0 0.413868 0.715176 0.016593 0.020937
0 0.512635 0.811187 0.020210 0.026611
0 0.481124 0.847385 0.024864 0.026932