0 0.113970 0.695236 0.017274 0.037947
0 0.183891 0.582756 0.013075 0.024149
0 0.082489 0.930793 0.010107 0.018731
0 0.880801 0.121322 0.010012 0.021955
0 0.136684 0.341788 0.018485 0.042009
0 0.236230 0.514555 0.010733 0.020285
0 0.077613 0.854775 0.013496 0.019012
0 0.089506 0.260204 0.028326 0.071369
0 0.124402 0.803919 0.013440 0.023644
0 0.035689 0.269164 0.012699 0.024239
0 0.163995 0.535129 0.030765 0.049759
0 0.172216 0.619576 0.010595 0.020754
0 0.122921 0.053196 0.012573 0.036268
0 0.256833 0.533679 0.012228 0.021894
0 0.021626 0.530445 0.012936 0.025457
0 0.387670 0.895630 0.016074 0.025530
0 0.145966 0.347466 0.033305 0.061805
0 0.241261 0.603881 0.016707 0.018298
0 0.074735 0.741304 0.021088 0.056235
0 0.057613 0.857761 0.010952 0.021046
0 0.066706 0.251905 0.024736 0.073124
0 0.140296 0.484973 0.019337 0.035336
0 0.256409 0.413176 0.023615 0.044803
0 0.580839 0.677053 0.010014 0.022847
0 0.341366 0.891945 0.012630 0.017691
0 0.096187 0.854983 0.014959 0.030372
0 0.120009 0.887426 0.011726 0.022219
0 0.055029 0.972554 0.014950 0.029253
0 0.258856 0.875915 0.016282 0.016560
0 0.288668 0.517656 0.017067 0.033783
0 0.025837 0.622461 0.019214 0.036475
0 0.212301 0.512872 0.010602 0.027782
0 0.061598 0.500031 0.023477 0.046516
0 0.361925 0.778179 0.023141 0.032930
0 0.109065 0.629958 0.023679 0.047141