0 0.048021 0.746900 0.008193 0.015612
0 0.337591 0.512841 0.009672 0.018963
0 0.015919 0.766495 0.007902 0.013379
0 0.266774 0.256201 0.008345 0.014396
0 0.894298 0.962050 0.018804 0.038513
0 0.033410 0.871830 0.011429 0.023279
0 0.269076 0.565892 0.007834 0.021194
0 0.101541 0.096758 0.008462 0.018740
0 0.298910 0.701242 0.011602 0.018463
0 0.550082 0.302101 0.009791 0.021189
0 0.741975 0.840987 0.014588 0.047100
0 0.810901 0.802549 0.040070 0.078702
0 0.409479 0.501853 0.007119 0.016064
0 0.141802 0.177042 0.009372 0.026085
0 0.657833 0.222200 0.008246 0.023834
0 0.049703 0.451259 0.011638 0.023238
0 0.036505 0.446564 0.012290 0.027148
0 0.595244 0.220135 0.009531 0.015602
0 0.417101 0.662040 0.011688 0.028131
0 0.389523 0.527709 0.010742 0.020117
0 0.222544 0.336886 0.010465 0.017402
0 0.346385 0.504671 0.010972 0.024134
0 0.314358 0.617184 0.011296 0.024402
0 0.475291 0.461704 0.010088 0.017352
0 0.285697 0.566016 0.013295 0.026214
0 0.681053 0.418171 0.015618 0.039887