0 0.231934 0.540317 0.007788 0.014914
0 0.703375 0.066091 0.007696 0.014635
0 0.070757 0.436434 0.010500 0.016928
0 0.222336 0.649947 0.010079 0.014910
0 0.248813 0.108685 0.006467 0.014055
0 0.953793 0.972656 0.007488 0.013026
0 0.386507 0.188058 0.008336 0.015073
0 0.219911 0.425992 0.008283 0.015416
0 0.145039 0.794994 0.007125 0.013307
0 0.130722 0.334835 0.006999 0.015745
0 0.540056 0.140968 0.011381 0.028568
0 0.647416 0.801218 0.008670 0.014170
0 0.100504 0.393022 0.008312 0.013570
0 0.566109 0.178664 0.008016 0.013384
0 0.675162 0.953781 0.011132 0.020706
0 0.930676 0.781830 0.010245 0.017518
0 0.463393 0.885311 0.011022 0.021391
0 0.144524 0.238776 0.008570 0.014336
0 0.918968 0.044025 0.007269 0.016582
0 0.187825 0.130060 0.008954 0.016599
0 0.179874 0.530121 0.010237 0.016282
0 0.892403 0.025696 0.013954 0.029811
0 0.429531 0.760491 0.008562 0.016877
0 0.732857 0.978885 0.020741 0.038758
0 0.474591 0.842929 0.010997 0.024271
0 0.027819 0.532719 0.015751 0.026586
0 0.291192 0.781593 0.008589 0.016911
0 0.029299 0.488491 0.012291 0.020697
0 0.930164 0.256428 0.013602 0.024075