0 0.053955 0.789840 0.008624 0.015073
0 0.919037 0.345342 0.013664 0.015958
0 0.382180 0.709357 0.015033 0.017717
0 0.555162 0.567266 0.010962 0.017232
0 0.099039 0.932294 0.011738 0.031517
0 0.272823 0.930162 0.008765 0.016921
0 0.658401 0.561898 0.010798 0.018160
0 0.026761 0.608792 0.007278 0.014045
0 0.136875 0.215479 0.010037 0.014306
0 0.237474 0.706086 0.028885 0.065984
0 0.180439 0.708459 0.011163 0.015751
0 0.227332 0.556752 0.011973 0.016469
0 0.408307 0.794965 0.010786 0.018404
0 0.255932 0.600930 0.016204 0.023785
0 0.408579 0.620004 0.013277 0.018831
0 0.042354 0.784435 0.009322 0.017531
0 0.209321 0.946362 0.010625 0.019336
0 0.374241 0.806316 0.009073 0.015452
0 0.752783 0.707594 0.012962 0.015419
0 0.305287 0.577130 0.018042 0.027652
0 0.021799 0.343426 0.008716 0.016025
0 0.155291 0.684018 0.009303 0.016389
0 0.441622 0.744779 0.012068 0.022742
0 0.032706 0.282769 0.010103 0.015864
0 0.892817 0.653847 0.014681 0.028895
0 0.226915 0.540663 0.011435 0.019265
0 0.027257 0.627558 0.009793 0.014461
0 0.186221 0.059728 0.017076 0.026396
0 0.079965 0.219979 0.010461 0.015696
0 0.159959 0.300952 0.013006 0.022372
0 0.167322 0.674842 0.011969 0.019595
0 0.272479 0.726514 0.012966 0.022203
0 0.064660 0.511504 0.009744 0.020567
0 0.094516 0.065991 0.014159 0.025093
0 0.308803 0.194204 0.014773 0.020219
0 0.215060 0.302062 0.014601 0.019807
0 0.140759 0.652943 0.013691 0.019469
0 0.375080 0.553046 0.013124 0.019383