0 0.240149 0.697290 0.009691 0.019174
0 0.698026 0.851295 0.014141 0.027440
0 0.352539 0.981483 0.018773 0.032915
0 0.484878 0.916775 0.013066 0.026162
0 0.167381 0.451560 0.010613 0.020659
0 0.404079 0.859713 0.017719 0.034870
0 0.118890 0.837145 0.012565 0.025624
0 0.136769 0.393127 0.017240 0.033297
0 0.599117 0.566276 0.015562 0.034507
0 0.254860 0.713590 0.011438 0.021954
0 0.606604 0.816740 0.024349 0.050140
0 0.206882 0.880644 0.019119 0.037847
0 0.132426 0.280055 0.016432 0.035056
0 0.272796 0.443071 0.012451 0.022610
0 0.229540 0.594254 0.012194 0.024086
0 0.191620 0.695543 0.013137 0.024394
0 0.941392 0.584019 0.022928 0.044950
0 0.266988 0.477011 0.014064 0.026238
0 0.754554 0.520674 0.025450 0.054732
0 0.658729 0.838407 0.027591 0.060629
0 0.310848 0.238050 0.016532 0.031900