0 0.827865 0.474993 0.013536 0.030224
0 0.524996 0.799525 0.012488 0.023856
0 0.437999 0.713608 0.020212 0.039997
0 0.793128 0.643902 0.012138 0.025356
0 0.705170 0.864531 0.027891 0.059885
0 0.777140 0.493360 0.014334 0.033557
0 0.257194 0.466333 0.013864 0.022514
0 0.049864 0.620748 0.025664 0.046159
0 0.359531 0.982719 0.015674 0.029578
0 0.971402 0.727452 0.013204 0.023344
0 0.941745 0.606368 0.016285 0.033491
0 0.138618 0.611638 0.011365 0.025568
0 0.465977 0.432434 0.019865 0.033467
0 0.898134 0.484497 0.016789 0.037654
0 0.914669 0.964806 0.013471 0.021955
0 0.192392 0.969697 0.016232 0.032388
0 0.934252 0.221770 0.071620 0.139696
0 0.273014 0.658219 0.012128 0.022873
0 0.857459 0.785824 0.014857 0.029839
0 0.568622 0.625769 0.015913 0.031030
0 0.023197 0.665725 0.014740 0.032023
0 0.026476 0.548709 0.011961 0.028320
0 0.102511 0.990373 0.013609 0.018645
0 0.868087 0.932533 0.021801 0.033237
0 0.751885 0.472135 0.012813 0.037283
0 0.915067 0.740219 0.017441 0.033747
0 0.168554 0.838037 0.011673 0.022798
0 0.748979 0.527429 0.013138 0.028631
0 0.808650 0.564289 0.022496 0.044281
0 0.385673 0.170411 0.026396 0.042065
0 0.539570 0.877860 0.013632 0.025796
0 0.878168 0.965602 0.018931 0.032312
0 0.758744 0.443798 0.014486 0.027007
0 0.293680 0.813740 0.013352 0.024168
0 0.135010 0.835144 0.015003 0.025008
0 0.968544 0.821745 0.028734 0.041666
0 0.378710 0.729133 0.022480 0.045149
0 0.302435 0.759045 0.020570 0.029793
0 0.652983 0.908265 0.020433 0.046337
0 0.216060 0.913592 0.014343 0.024135
0 0.930415 0.804925 0.017999 0.033590
0 0.121370 0.814251 0.018638 0.027922
0 0.768587 0.972407 0.035607 0.041359
0 0.698688 0.368374 0.012967 0.028215
0 0.081707 0.744543 0.022368 0.036232