0 0.607070 0.549405 0.008030 0.017339
0 0.054507 0.516452 0.009683 0.021345
0 0.154437 0.288733 0.020268 0.032066
0 0.660553 0.539306 0.007302 0.016090
0 0.897211 0.598255 0.008433 0.017202
0 0.296513 0.607510 0.009653 0.021963
0 0.184033 0.128529 0.032654 0.045333
0 0.602042 0.496100 0.007787 0.017781
0 0.028736 0.350174 0.011771 0.029816
0 0.623980 0.260476 0.006680 0.016934
0 0.506079 0.758758 0.008041 0.017965
0 0.931472 0.850412 0.008640 0.017118
0 0.398301 0.817784 0.009936 0.024993
0 0.257598 0.748609 0.008732 0.019370
0 0.087044 0.068994 0.012956 0.027042
0 0.504628 0.639031 0.008330 0.016741
0 0.647724 0.456949 0.007547 0.018895
0 0.859345 0.424604 0.008834 0.021139
0 0.105273 0.483656 0.014010 0.042270
0 0.129168 0.312543 0.011939 0.028511
0 0.064975 0.589430 0.011091 0.024213
0 0.205791 0.503726 0.009379 0.019956
0 0.103351 0.218931 0.016516 0.042184
0 0.659356 0.670963 0.007821 0.016516
0 0.077303 0.450995 0.012147 0.034998
0 0.187023 0.373635 0.009242 0.023008
0 0.873599 0.832165 0.011352 0.019331
0 0.047181 0.017044 0.026988 0.034009
0 0.144331 0.067125 0.018846 0.033499
0 0.755160 0.574289 0.009040 0.021419
0 0.165593 0.736181 0.010375 0.027133
0 0.556177 0.689611 0.009732 0.020632
0 0.200305 0.112963 0.016387 0.028392
0 0.577013 0.551802 0.009069 0.019931
0 0.223361 0.929774 0.014079 0.031464
0 0.098759 0.272095 0.031378 0.056573
0 0.924522 0.413864 0.011280 0.025004
0 0.427012 0.646699 0.011201 0.025153
0 0.067359 0.240841 0.034523 0.048163
0 0.184016 0.592974 0.012561 0.022867
0 0.100594 0.433202 0.013543 0.033914
0 0.312771 0.740976 0.013407 0.028106
0 0.933319 0.399290 0.016342 0.030452