0 0.771139 0.587896 0.007293 0.017779
0 0.580032 0.780816 0.009010 0.022578
0 0.159478 0.035377 0.015656 0.030447
0 0.571910 0.674457 0.009737 0.019351
0 0.070866 0.990684 0.013440 0.018326
0 0.492413 0.119733 0.021299 0.049985
0 0.651565 0.955976 0.008194 0.017583
0 0.760558 0.537546 0.008705 0.020079
0 0.374828 0.047237 0.013815 0.029912
0 0.537559 0.992620 0.011288 0.014252
0 0.168366 0.166416 0.010445 0.022071
0 0.508393 0.826965 0.008776 0.024199
0 0.167172 0.114546 0.013989 0.028750
0 0.857343 0.585484 0.012423 0.022424
0 0.167827 0.795768 0.016968 0.042916
0 0.695426 0.611912 0.007526 0.018033
0 0.113647 0.735595 0.014465 0.029494
0 0.697153 0.519927 0.008365 0.017694
0 0.347163 0.054274 0.013798 0.027714
0 0.442393 0.755335 0.007965 0.019200
0 0.685442 0.709729 0.009681 0.020950
0 0.449780 0.879506 0.011929 0.022020
0 0.350901 0.255196 0.016556 0.033401
0 0.713072 0.377879 0.011291 0.021953
0 0.684106 0.332469 0.010781 0.024390
0 0.056683 0.807569 0.014897 0.026765
0 0.185250 0.680283 0.008462 0.023861
0 0.255246 0.336070 0.018715 0.042201
0 0.638024 0.749910 0.008900 0.019291
0 0.689357 0.533157 0.007938 0.019659
0 0.528892 0.935539 0.007769 0.018538
0 0.232391 0.039496 0.024719 0.048154
0 0.878881 0.554654 0.012125 0.024110
0 0.604137 0.783877 0.008599 0.020666
0 0.464504 0.025984 0.022075 0.045708
0 0.542100 0.637069 0.013480 0.027221
0 0.432012 0.261022 0.020609 0.041223