0 0.344932 0.173411 0.011283 0.022596
0 0.172128 0.389218 0.021255 0.043855
0 0.782354 0.055922 0.022406 0.048842
0 0.234511 0.239959 0.009742 0.017822
0 0.791143 0.167890 0.013072 0.028291
0 0.236994 0.558050 0.025819 0.052203
0 0.160596 0.646250 0.015214 0.027133
0 0.072966 0.314382 0.018204 0.030167
0 0.125040 0.454161 0.029509 0.060168
0 0.236278 0.445577 0.016442 0.030696
0 0.202127 0.202246 0.013055 0.024409
0 0.113468 0.552218 0.023967 0.051841
0 0.950501 0.366048 0.020511 0.034270
0 0.049591 0.112728 0.027919 0.053095