0 0.381534 0.759650 0.017141 0.028643
0 0.486466 0.495413 0.019966 0.038453
0 0.283620 0.704767 0.013875 0.029090
0 0.287112 0.601521 0.011689 0.021946
0 0.444589 0.478890 0.019683 0.034213
0 0.693545 0.327643 0.012200 0.023869
0 0.359899 0.371322 0.011907 0.022709
0 0.534944 0.687482 0.012748 0.026224
0 0.263493 0.270430 0.013717 0.022099
0 0.026256 0.884801 0.014180 0.029234
0 0.128281 0.210500 0.012519 0.023148
0 0.221626 0.799485 0.015800 0.031669
0 0.233465 0.064615 0.012850 0.027471
0 0.463497 0.545790 0.023406 0.040442
0 0.361621 0.927507 0.020380 0.041557
0 0.416406 0.572648 0.018910 0.032690
0 0.920840 0.985227 0.018157 0.025838
0 0.394386 0.783714 0.040941 0.063787
0 0.016603 0.244595 0.016420 0.032606
0 0.775835 0.590849 0.021130 0.037240
0 0.326252 0.112128 0.015544 0.026453
0 0.520531 0.449551 0.018221 0.030146
0 0.255430 0.391502 0.014314 0.026952
0 0.435214 0.829211 0.019854 0.042677
0 0.143576 0.479091 0.015649 0.030868
0 0.677674 0.562805 0.013441 0.026270
0 0.272090 0.470246 0.017312 0.031617
0 0.180163 0.305325 0.014974 0.028484
0 0.668907 0.478664 0.016589 0.028994
0 0.243097 0.424615 0.020722 0.037486
0 0.078833 0.380338 0.017611 0.035531
0 0.257582 0.501132 0.017727 0.031909
0 0.029440 0.150266 0.016396 0.031352
0 0.593593 0.728429 0.020478 0.035997
0 0.088739 0.456262 0.021371 0.040836
0 0.707501 0.913660 0.036806 0.065619
0 0.822792 0.969008 0.032899 0.056160