0 0.072879 0.606404 0.008253 0.016113
0 0.675642 0.290392 0.020538 0.018414
0 0.394126 0.427520 0.009345 0.018060
0 0.236072 0.932697 0.010126 0.019840
0 0.765970 0.172203 0.012930 0.019148
0 0.017976 0.976576 0.013519 0.026023
0 0.415032 0.076451 0.009741 0.020450
0 0.610259 0.062876 0.013539 0.015003
0 0.154281 0.443591 0.009325 0.018357
0 0.503172 0.023255 0.010788 0.020384
0 0.371747 0.759389 0.009527 0.019333
0 0.043287 0.507416 0.010489 0.020266
0 0.139642 0.344100 0.010495 0.020826
0 0.540417 0.346059 0.014021 0.015113
0 0.604309 0.165387 0.014940 0.016653
0 0.502928 0.523476 0.011048 0.022506
0 0.096754 0.706009 0.014801 0.018350
0 0.155294 0.726202 0.019748 0.017148
0 0.643076 0.283637 0.013313 0.029306
0 0.563657 0.240668 0.022605 0.017548
0 0.589152 0.188133 0.012678 0.014781
0 0.467567 0.432562 0.012826 0.016162
0 0.261935 0.401851 0.014586 0.028784
0 0.489095 0.384978 0.014162 0.014726
0 0.291156 0.475684 0.014252 0.022623
0 0.316223 0.425257 0.016500 0.034698
0 0.493235 0.496579 0.013459 0.016749
0 0.374968 0.676854 0.013339 0.020044
0 0.535619 0.424084 0.015284 0.019025
0 0.622006 0.196076 0.021745 0.022026
0 0.344197 0.352596 0.023538 0.020529
0 0.336373 0.583389 0.017996 0.019098
0 0.483568 0.342879 0.021683 0.023316
0 0.501839 0.427707 0.018223 0.017913
0 0.241322 0.488764 0.026949 0.028496