0 0.548693 0.007962 0.010494 0.015622
0 0.935348 0.351579 0.040119 0.049749
0 0.714044 0.187410 0.012483 0.018663
0 0.451642 0.071294 0.056542 0.111024
0 0.432330 0.185586 0.011785 0.021058
0 0.294783 0.206509 0.014304 0.023930
0 0.398296 0.262324 0.013053 0.020630
0 0.812606 0.333443 0.011785 0.022112
0 0.617320 0.252658 0.011531 0.021564
0 0.696090 0.127116 0.010033 0.020370
0 0.096050 0.064555 0.009605 0.020483
0 0.220305 0.177372 0.013893 0.023451
0 0.881739 0.466664 0.019683 0.036364
0 0.960308 0.757381 0.015246 0.028794
0 0.048533 0.385626 0.014321 0.029271
0 0.929255 0.828182 0.017036 0.030662
0 0.366883 0.558835 0.018404 0.037405