0 0.431309 0.167177 0.013322 0.019210
0 0.069298 0.261957 0.008657 0.021388
0 0.223081 0.344912 0.012390 0.020155
0 0.181603 0.438052 0.014870 0.024657
0 0.268223 0.225278 0.008809 0.017917
0 0.430330 0.232530 0.011729 0.022187
0 0.518270 0.182383 0.011095 0.024235
0 0.175448 0.794236 0.016835 0.032789
0 0.048632 0.415698 0.013395 0.023293
0 0.004749 0.534432 0.009499 0.019670
0 0.464718 0.096099 0.011924 0.025121
0 0.269807 0.137850 0.013620 0.021556
0 0.062610 0.202956 0.010633 0.022286
0 0.952764 0.140488 0.010939 0.016815
0 0.852687 0.112305 0.016352 0.039993
0 0.539271 0.485818 0.011528 0.021642
0 0.434500 0.029155 0.010621 0.019352
0 0.226385 0.408238 0.012015 0.017707
0 0.333496 0.530772 0.012927 0.017741
0 0.375638 0.307457 0.013163 0.015684
0 0.508990 0.010905 0.012156 0.019910
0 0.831714 0.748882 0.024846 0.057147
0 0.437268 0.135078 0.014682 0.026128
0 0.119868 0.521228 0.012813 0.021175
0 0.223358 0.098828 0.008812 0.019271
0 0.190446 0.266726 0.010569 0.017674
0 0.369908 0.422336 0.012090 0.019089
0 0.192669 0.066409 0.008497 0.017342
0 0.914151 0.015299 0.016517 0.030164
0 0.215626 0.059512 0.011754 0.017842
0 0.033644 0.532067 0.017663 0.022284
0 0.018990 0.435619 0.011775 0.017963
0 0.280999 0.286397 0.013872 0.025419
0 0.178575 0.491127 0.011773 0.022696
0 0.165640 0.408120 0.014841 0.026170
0 0.057370 0.493683 0.015821 0.020193
0 0.051695 0.161710 0.010906 0.018654
0 0.288107 0.094736 0.010850 0.018222
0 0.086687 0.465071 0.015766 0.023410
0 0.119305 0.406995 0.021874 0.035810
0 0.243703 0.138543 0.012389 0.019912
0 0.185878 0.223544 0.016316 0.026509
0 0.161102 0.086655 0.018081 0.027153