0 0.893973 0.143416 0.011300 0.022599
0 0.776929 0.718347 0.011370 0.023364
0 0.568214 0.942134 0.017879 0.023590
0 0.515197 0.800857 0.023972 0.019591
0 0.052105 0.334524 0.013728 0.017605
0 0.532124 0.232591 0.009924 0.019237
0 0.435710 0.357966 0.010962 0.017509
0 0.891159 0.054388 0.008939 0.013502
0 0.411290 0.864567 0.012409 0.024196
0 0.299152 0.540649 0.012272 0.014797
0 0.466122 0.492684 0.016021 0.020084
0 0.959062 0.160648 0.010957 0.013633
0 0.706457 0.935532 0.014570 0.028612
0 0.754171 0.071309 0.013725 0.027766
0 0.761459 0.281490 0.014590 0.023641
0 0.403176 0.919572 0.014983 0.027629
0 0.846388 0.509102 0.009301 0.017879
0 0.475050 0.006329 0.015158 0.012561
0 0.712139 0.027083 0.015911 0.029746
0 0.292935 0.524173 0.011881 0.015406
0 0.460058 0.249199 0.020802 0.020262
0 0.814385 0.514600 0.012445 0.024644
0 0.612254 0.176099 0.015839 0.028886
0 0.515954 0.758719 0.022272 0.048767
0 0.561214 0.205707 0.014693 0.029551
0 0.696510 0.106247 0.013386 0.026585
0 0.325845 0.540542 0.018122 0.020341
0 0.378142 0.863102 0.026246 0.032765
0 0.410425 0.044706 0.020957 0.019935
0 0.486872 0.309081 0.017309 0.019866
0 0.960322 0.464437 0.013687 0.034730
0 0.770078 0.221011 0.011483 0.021967
0 0.845930 0.306017 0.012129 0.026829
0 0.847552 0.153812 0.016846 0.020885
0 0.536614 0.139955 0.026357 0.035135