0 0.515256 0.538066 0.008568 0.016929
0 0.372568 0.795820 0.019955 0.034080
0 0.395409 0.599624 0.012278 0.027765
0 0.947003 0.603704 0.005565 0.009593
0 0.901990 0.689124 0.013356 0.019190
0 0.874915 0.482335 0.015979 0.024648
0 0.602585 0.920815 0.008996 0.015608
0 0.761091 0.877881 0.010504 0.017658
0 0.543830 0.772963 0.006336 0.011106
0 0.148128 0.732427 0.008462 0.014233
0 0.225232 0.773952 0.010293 0.015294
0 0.158036 0.421729 0.009494 0.017719
0 0.208712 0.256876 0.011632 0.018950
0 0.741184 0.260691 0.005658 0.009380
0 0.932260 0.690639 0.009803 0.017196
0 0.670543 0.317660 0.005728 0.009746
0 0.516343 0.655067 0.015047 0.026474
0 0.417959 0.381257 0.005240 0.009305
0 0.976573 0.428143 0.005911 0.011515
0 0.129712 0.759712 0.012346 0.022228
0 0.783663 0.435014 0.010051 0.016213
0 0.520184 0.583720 0.011753 0.019567
0 0.190758 0.243129 0.005990 0.011742
0 0.531951 0.186859 0.005615 0.010249
0 0.231987 0.463828 0.019377 0.032720
0 0.589439 0.321780 0.005820 0.008244
0 0.733902 0.703292 0.013173 0.023696
0 0.918426 0.381647 0.006266 0.009561
0 0.906100 0.375896 0.006614 0.010217
0 0.332393 0.605617 0.006250 0.011455
0 0.365266 0.911281 0.019690 0.030295
0 0.160159 0.342408 0.006074 0.009358
0 0.584382 0.380435 0.005307 0.009333
0 0.482242 0.881536 0.013998 0.020885
0 0.947524 0.492452 0.007495 0.009356
0 0.957653 0.558434 0.006374 0.009587
0 0.895658 0.298608 0.005823 0.009401
0 0.247523 0.662339 0.011133 0.019461
0 0.433872 0.485808 0.014315 0.024301
0 0.778256 0.748641 0.013618 0.022800
0 0.653233 0.714576 0.013053 0.020700
0 0.219446 0.299035 0.006161 0.010252
0 0.930817 0.453025 0.010104 0.011238
0 0.631020 0.346194 0.005959 0.010393
0 0.463618 0.774760 0.011513 0.018770
0 0.661836 0.908270 0.007556 0.013293
0 0.640399 0.832578 0.010583 0.019648
0 0.247760 0.349165 0.006051 0.011557
0 0.195825 0.646760 0.015108 0.024138
0 0.541356 0.806525 0.011565 0.017906
0 0.491000 0.481415 0.005889 0.008264
0 0.593234 0.556966 0.006243 0.010608
0 0.533485 0.404427 0.005556 0.009463
0 0.410533 0.309784 0.007176 0.014307
0 0.035163 0.630545 0.012491 0.020622
0 0.548109 0.427832 0.006089 0.009806
0 0.589766 0.739551 0.009821 0.012732
0 0.685632 0.374667 0.006340 0.011498
0 0.690376 0.456392 0.008172 0.016873
0 0.715802 0.569164 0.005985 0.010794
0 0.296733 0.294968 0.008600 0.014368
0 0.641824 0.403681 0.008223 0.011748