0 0.560238 0.104960 0.012171 0.021046
0 0.553562 0.714717 0.012519 0.025050
0 0.400123 0.950301 0.012156 0.021447
0 0.391839 0.332904 0.014413 0.031007
0 0.503064 0.332301 0.012439 0.025986
0 0.971312 0.037515 0.012208 0.026018
0 0.504964 0.483309 0.011743 0.020976
0 0.685528 0.103182 0.015150 0.027787
0 0.314178 0.424273 0.013956 0.025533
0 0.834471 0.345343 0.011725 0.025211
0 0.980140 0.087486 0.013147 0.025531
0 0.429759 0.768665 0.012870 0.022368
0 0.220279 0.857874 0.023396 0.059505
0 0.564078 0.026591 0.012691 0.023910
0 0.363911 0.636450 0.013521 0.026554
0 0.634109 0.585776 0.011892 0.021258
0 0.444340 0.489966 0.012440 0.021890
0 0.724515 0.081143 0.014769 0.025280
0 0.828095 0.033959 0.015043 0.024406
0 0.364305 0.545042 0.013784 0.027807
0 0.451831 0.320537 0.011774 0.024793
0 0.346392 0.694624 0.014135 0.025656
0 0.557927 0.506506 0.010947 0.021862
0 0.810442 0.068464 0.016694 0.031574
0 0.380894 0.807666 0.017860 0.030396
0 0.652994 0.073432 0.016807 0.030713
0 0.508005 0.435117 0.013113 0.022804
0 0.317247 0.794222 0.026585 0.034979
0 0.633521 0.498777 0.012944 0.024065
0 0.490982 0.321514 0.015519 0.032064
0 0.622382 0.748937 0.022747 0.030841
0 0.177531 0.534155 0.013601 0.027445
0 0.347015 0.569374 0.016665 0.027748
0 0.731654 0.504641 0.015521 0.032801
0 0.430554 0.456087 0.017932 0.031562
0 0.679481 0.489048 0.016392 0.032180
0 0.250678 0.555988 0.018010 0.032099
0 0.544214 0.387731 0.019346 0.038470
0 0.371008 0.478504 0.021318 0.041243