0 0.097563 0.155407 0.014629 0.022781
0 0.140023 0.369743 0.011944 0.021009
0 0.351002 0.465240 0.014679 0.022729
0 0.141695 0.834379 0.011990 0.020867
0 0.152386 0.368720 0.015931 0.030248
0 0.119251 0.597688 0.012446 0.021128
0 0.886306 0.396489 0.024257 0.037067
0 0.695879 0.943964 0.013068 0.022979
0 0.342514 0.592119 0.014372 0.021604
0 0.256924 0.439992 0.012803 0.022225
0 0.081017 0.619269 0.012667 0.021815
0 0.127060 0.824569 0.019096 0.030500
0 0.278969 0.751726 0.014233 0.023667
0 0.161935 0.904499 0.015401 0.025720
0 0.423111 0.786190 0.016201 0.022997
0 0.087405 0.210661 0.025003 0.032387
0 0.139158 0.397466 0.018302 0.026915
0 0.131033 0.539243 0.017079 0.027707
0 0.487565 0.859874 0.015921 0.027187
0 0.438489 0.283607 0.019916 0.034945
0 0.182759 0.413616 0.018926 0.030122
0 0.428804 0.806457 0.020329 0.029944
0 0.118678 0.137893 0.019766 0.038041