0 0.058495 0.274665 0.007937 0.014931
0 0.515758 0.473253 0.008790 0.015382
0 0.688398 0.347217 0.008787 0.016559
0 0.825392 0.313939 0.015803 0.030861
0 0.199795 0.428679 0.007235 0.013835
0 0.112953 0.277012 0.007743 0.014892
0 0.798778 0.917023 0.008261 0.015779
0 0.171819 0.135036 0.007400 0.014228
0 0.495047 0.258554 0.009042 0.015776
0 0.164044 0.038543 0.008267 0.017446
0 0.264373 0.411761 0.008191 0.015274
0 0.126701 0.794088 0.008948 0.015667
0 0.977631 0.586253 0.010980 0.029200
0 0.071332 0.117054 0.008779 0.016569
0 0.828832 0.268264 0.011306 0.021810
0 0.106014 0.765591 0.013810 0.025648
0 0.407048 0.073350 0.008912 0.017026
0 0.173574 0.680681 0.009631 0.018457
0 0.192730 0.660816 0.010713 0.021363
0 0.155006 0.129915 0.009201 0.017078
0 0.032787 0.038304 0.010694 0.020580
0 0.625353 0.568280 0.011039 0.027816
0 0.199408 0.956648 0.011728 0.025097
0 0.419836 0.353093 0.009068 0.018138
0 0.655134 0.715662 0.011040 0.023829
0 0.435675 0.791254 0.010844 0.017296
0 0.746464 0.969117 0.012405 0.025558
0 0.668123 0.743712 0.011178 0.025928
0 0.316634 0.591750 0.012198 0.016252
0 0.405450 0.423927 0.012428 0.020957