0 0.961984 0.491238 0.018100 0.040373
0 0.580352 0.662180 0.021629 0.063586
0 0.088989 0.205751 0.019353 0.039790
0 0.138695 0.200817 0.038856 0.052707
0 0.040478 0.183213 0.033267 0.082140
0 0.977142 0.238683 0.022165 0.044383
0 0.082806 0.259011 0.014221 0.030499
0 0.970110 0.211395 0.025363 0.040764
0 0.210919 0.060775 0.046229 0.083040
0 0.441359 0.309175 0.039228 0.052980
0 0.262994 0.247606 0.023104 0.043951
0 0.853734 0.483690 0.032633 0.044780
0 0.226374 0.403586 0.023755 0.064507
0 0.556645 0.236272 0.033251 0.047377
0 0.494007 0.166733 0.043468 0.053252
0 0.734033 0.434872 0.030669 0.049513
0 0.547242 0.331653 0.038948 0.049635
0 0.347398 0.589374 0.030550 0.050109
0 0.748463 0.184009 0.048345 0.085898
0 0.215492 0.941615 0.042168 0.083247
0 0.073171 0.963758 0.065925 0.068445
0 0.461727 0.827786 0.034628 0.057948
0 0.601939 0.287642 0.035181 0.045411