0 0.231631 0.844622 0.014110 0.017133
0 0.736140 0.508823 0.015667 0.019289
0 0.643724 0.338008 0.010025 0.012733
0 0.669973 0.390570 0.018302 0.026714
0 0.038990 0.297716 0.013394 0.031111
0 0.868842 0.681651 0.014714 0.017741
0 0.590969 0.320648 0.010257 0.014601
0 0.637347 0.583069 0.024213 0.018965
0 0.909280 0.474247 0.010400 0.014091
0 0.553867 0.754210 0.012796 0.021767
0 0.668340 0.264296 0.010260 0.016171
0 0.742957 0.630632 0.027425 0.028756
0 0.037581 0.619023 0.011010 0.016928
0 0.948856 0.099736 0.009973 0.018008
0 0.363865 0.208265 0.011903 0.015367
0 0.830676 0.769871 0.012947 0.018625
0 0.800237 0.116938 0.010654 0.015026
0 0.606721 0.449718 0.011786 0.017685
0 0.874972 0.409552 0.009886 0.014188
0 0.839218 0.508834 0.010320 0.015611
0 0.348418 0.406928 0.014847 0.015657
0 0.018323 0.063666 0.016780 0.016922
0 0.530301 0.651685 0.014362 0.014863
0 0.246021 0.584439 0.018233 0.044906
0 0.676550 0.183102 0.010409 0.014000
0 0.795102 0.334986 0.018428 0.028503
0 0.773981 0.063084 0.013525 0.032442
0 0.789705 0.437887 0.011385 0.015380
0 0.797630 0.673764 0.009837 0.014755
0 0.705048 0.212563 0.009721 0.012706
0 0.217718 0.031074 0.014469 0.014135
0 0.491041 0.223526 0.011134 0.020800
0 0.815891 0.048848 0.022865 0.041255
0 0.751366 0.154471 0.011150 0.015801
0 0.413188 0.256428 0.011005 0.015879
0 0.827815 0.352863 0.013617 0.016581
0 0.515151 0.680966 0.013689 0.017716
0 0.648730 0.540167 0.013352 0.014724
0 0.885044 0.487521 0.010245 0.015083
0 0.793390 0.142814 0.013062 0.022576
0 0.403402 0.057193 0.014694 0.015926
0 0.670752 0.328390 0.017057 0.016280
0 0.860143 0.156350 0.012643 0.016541
0 0.827444 0.198757 0.011666 0.016551
0 0.547780 0.355763 0.014844 0.014473
0 0.720838 0.264515 0.012513 0.014492
0 0.740152 0.388954 0.011022 0.014859
0 0.678512 0.165138 0.010059 0.018039
0 0.394318 0.810732 0.020138 0.035189
0 0.890614 0.232001 0.015422 0.024254
0 0.468505 0.339463 0.012674 0.014906
0 0.823678 0.628984 0.013052 0.015964
0 0.286178 0.111567 0.013017 0.015172
0 0.585248 0.182118 0.011696 0.015622
0 0.576121 0.873906 0.038136 0.066429
0 0.704858 0.170430 0.011292 0.018689
0 0.695233 0.730037 0.022152 0.038990
0 0.378873 0.694720 0.024859 0.026308