0 0.385310 0.988593 0.009822 0.018533
0 0.611915 0.723656 0.008929 0.019003
0 0.427303 0.894295 0.008420 0.020534
0 0.209440 0.622218 0.008047 0.014409
0 0.406438 0.329522 0.008236 0.014829
0 0.136416 0.407628 0.011649 0.016206
0 0.108173 0.870253 0.008109 0.015694
0 0.139413 0.136953 0.009042 0.017260
0 0.983015 0.209781 0.009128 0.015509
0 0.823101 0.932107 0.010334 0.023145
0 0.986108 0.228780 0.006834 0.014597
0 0.608553 0.948658 0.009662 0.021520
0 0.891608 0.439318 0.006919 0.015119
0 0.989825 0.407219 0.014273 0.033679
0 0.667370 0.334025 0.009807 0.014870
0 0.701756 0.626212 0.011109 0.018958
0 0.055364 0.490209 0.009112 0.017846
0 0.136523 0.777326 0.008701 0.017413
0 0.225918 0.660631 0.009074 0.017233
0 0.917220 0.437926 0.007786 0.015556
0 0.697003 0.306773 0.010074 0.014741
0 0.117580 0.828413 0.010356 0.019095
0 0.227364 0.325324 0.013735 0.018964
0 0.073301 0.393945 0.014996 0.018543
0 0.731583 0.163593 0.010479 0.021333
0 0.260287 0.724258 0.010736 0.022127
0 0.551641 0.898755 0.013288 0.028546
0 0.165029 0.376461 0.017378 0.022490