0 0.754808 0.666884 0.018650 0.034445
0 0.955942 0.618669 0.016872 0.037270
0 0.150078 0.960059 0.013917 0.023290
0 0.288261 0.714316 0.019296 0.037709
0 0.963584 0.930578 0.016334 0.033694
0 0.909368 0.572169 0.014948 0.033471
0 0.950951 0.567915 0.013865 0.027645
0 0.255523 0.011566 0.036037 0.023133
0 0.795196 0.668690 0.022710 0.041224
0 0.224070 0.631062 0.018580 0.039044
0 0.121346 0.568152 0.012171 0.022869
0 0.397490 0.732502 0.017006 0.034874
0 0.019406 0.810515 0.016814 0.030408
0 0.656408 0.533562 0.015907 0.039038
0 0.230779 0.518708 0.016847 0.031095
0 0.453696 0.901081 0.013439 0.026766
0 0.614586 0.805232 0.019498 0.043951
0 0.393840 0.677359 0.022558 0.041312
0 0.851352 0.506751 0.018453 0.040148
0 0.612047 0.966020 0.019394 0.037100
0 0.777939 0.556259 0.023026 0.043002
0 0.825254 0.564891 0.020489 0.039732
0 0.844586 0.017946 0.014564 0.030288
0 0.093050 0.815348 0.026396 0.045630
0 0.582474 0.965628 0.023697 0.043471
0 0.209117 0.753611 0.016313 0.027251
0 0.667853 0.408844 0.019361 0.036857
0 0.640378 0.602168 0.021176 0.050307
0 0.796740 0.027817 0.032304 0.055633
0 0.542695 0.646986 0.035877 0.067170