0 0.019416 0.844201 0.007996 0.016207
0 0.122652 0.716620 0.007718 0.015429
0 0.806071 0.937740 0.011689 0.023694
0 0.673221 0.704248 0.007432 0.015321
0 0.462454 0.552422 0.010799 0.026093
0 0.135307 0.544212 0.008134 0.016564
0 0.899109 0.292230 0.012463 0.025293
0 0.629447 0.620002 0.009859 0.018372
0 0.728807 0.929414 0.009017 0.017197
0 0.539534 0.437051 0.009199 0.016554
0 0.590497 0.361733 0.010530 0.018509
0 0.027480 0.319412 0.007763 0.014303
0 0.495662 0.845260 0.008089 0.019122
0 0.614284 0.284431 0.007617 0.018865
0 0.125670 0.915963 0.007820 0.016504
0 0.387428 0.988036 0.008199 0.017203
0 0.289305 0.844000 0.012923 0.036745
0 0.589776 0.079772 0.013362 0.028648
0 0.472754 0.938303 0.008391 0.019108
0 0.523956 0.413745 0.009510 0.018900
0 0.121830 0.061135 0.008282 0.015521
0 0.412080 0.325398 0.012797 0.025061
0 0.097969 0.396593 0.009491 0.018364
0 0.181536 0.553821 0.007148 0.014815
0 0.869686 0.031586 0.011295 0.024156
0 0.790195 0.929173 0.010021 0.021870
0 0.377964 0.547626 0.006135 0.012043
0 0.871860 0.674087 0.010317 0.023659
0 0.270887 0.516306 0.009279 0.018105
0 0.550914 0.939859 0.007975 0.022712
0 0.256330 0.678875 0.007245 0.012711
0 0.213093 0.372008 0.009658 0.019461
0 0.081582 0.687257 0.008679 0.017267
0 0.551724 0.724376 0.007646 0.016357
0 0.208257 0.665998 0.007334 0.012463
0 0.566690 0.218352 0.009892 0.021936
0 0.732173 0.019537 0.013943 0.029801
0 0.231776 0.716009 0.007896 0.015516
0 0.527529 0.260488 0.007945 0.019447
0 0.230251 0.793112 0.008536 0.018087
0 0.717092 0.253724 0.010179 0.021873
0 0.290368 0.473135 0.010705 0.019477
0 0.093168 0.096923 0.007935 0.014400
0 0.453537 0.581637 0.007867 0.016724
0 0.125481 0.487059 0.008991 0.017361
0 0.469802 0.890040 0.008241 0.020931
0 0.396484 0.617495 0.011025 0.021308
0 0.439164 0.944350 0.009975 0.020862
0 0.582660 0.719049 0.007893 0.020107
0 0.495458 0.962611 0.011485 0.026142
0 0.166623 0.941415 0.009057 0.024223
0 0.177456 0.603524 0.008587 0.018396
0 0.346607 0.466280 0.007589 0.013825
0 0.273925 0.302511 0.007934 0.019548
0 0.071523 0.223801 0.009217 0.018384
0 0.175772 0.806408 0.008480 0.016808
0 0.618128 0.862199 0.008394 0.019148
0 0.148751 0.092023 0.009644 0.023693
0 0.128370 0.692535 0.007670 0.015297
0 0.510488 0.906786 0.010282 0.027715
0 0.141784 0.789798 0.009643 0.018883
0 0.324989 0.791156 0.007828 0.014840
0 0.672433 0.271916 0.012846 0.029318
0 0.155632 0.809176 0.008616 0.016809
0 0.222237 0.884724 0.012621 0.027045
0 0.646790 0.584061 0.010137 0.022604
0 0.069646 0.085003 0.014021 0.027271
0 0.017578 0.818882 0.008197 0.018148
0 0.710025 0.982256 0.012905 0.025862
0 0.073751 0.662544 0.008040 0.016785
0 0.218694 0.544956 0.010992 0.020502
0 0.045592 0.552110 0.008170 0.015673
0 0.099680 0.728471 0.008890 0.016696
0 0.559988 0.349075 0.011548 0.021721
0 0.605772 0.693644 0.010055 0.020259
0 0.810931 0.519251 0.024349 0.050760
0 0.176219 0.629075 0.009261 0.016895
0 0.711380 0.930740 0.011039 0.023593
0 0.019270 0.896773 0.010498 0.020586
0 0.210374 0.718789 0.009815 0.014329
0 0.632773 0.737299 0.009874 0.019324
0 0.031382 0.940999 0.013747 0.021195
0 0.233734 0.306099 0.012590 0.027912
0 0.463821 0.295235 0.010401 0.018362
0 0.039062 0.802506 0.010053 0.020265
0 0.824162 0.770629 0.014886 0.029665
0 0.302173 0.984374 0.011674 0.024707
0 0.500508 0.566940 0.011214 0.023829
0 0.676778 0.316881 0.008490 0.017659
0 0.658794 0.906274 0.010739 0.022005
0 0.146690 0.615631 0.010965 0.023145
0 0.063631 0.635289 0.015852 0.031136
0 0.026558 0.657043 0.009522 0.021975
0 0.030114 0.459621 0.011743 0.023798
0 0.182351 0.195682 0.009306 0.024648