0 0.029594 0.277876 0.007386 0.017103
0 0.807292 0.032661 0.016935 0.031127
0 0.617474 0.267872 0.012399 0.025144
0 0.859479 0.463197 0.009328 0.017460
0 0.433391 0.281142 0.009521 0.019319
0 0.474108 0.407280 0.008481 0.018825
0 0.972855 0.175253 0.014153 0.030064
0 0.964763 0.447050 0.009536 0.019519
0 0.183399 0.366701 0.007156 0.014698
0 0.758451 0.133349 0.016870 0.030753
0 0.441557 0.125828 0.012651 0.023946
0 0.214005 0.268176 0.008555 0.016524
0 0.035406 0.324387 0.007946 0.016696
0 0.545114 0.374815 0.008683 0.019011
0 0.185525 0.864989 0.017128 0.032050
0 0.626881 0.103188 0.009588 0.018111
0 0.042080 0.358949 0.008506 0.016871
0 0.436963 0.095598 0.007674 0.017519
0 0.931620 0.491807 0.009204 0.019115
0 0.137007 0.448013 0.009296 0.019494
0 0.144624 0.057100 0.008096 0.017789
0 0.219495 0.568949 0.017051 0.026656
0 0.620007 0.215183 0.010112 0.019036
0 0.482822 0.313909 0.017433 0.030212
0 0.073370 0.741011 0.016806 0.037820
0 0.787013 0.012780 0.011657 0.022002
0 0.521652 0.178495 0.011996 0.025373
0 0.071169 0.331936 0.008009 0.018299
0 0.333861 0.297743 0.010046 0.018471
0 0.816172 0.272250 0.008305 0.018211
0 0.902072 0.069068 0.010459 0.021442
0 0.071808 0.101923 0.008354 0.016838
0 0.903626 0.145585 0.008466 0.017465
0 0.068481 0.118547 0.008545 0.018391
0 0.492005 0.093074 0.009162 0.017388
0 0.882841 0.397683 0.009399 0.021629
0 0.843670 0.414560 0.010909 0.021541
0 0.799619 0.120956 0.009971 0.021315
0 0.852237 0.169652 0.009237 0.017630
0 0.549830 0.249514 0.012744 0.024530