0 0.428611 0.569688 0.008035 0.010254
0 0.366739 0.750308 0.007544 0.012647
0 0.268639 0.873945 0.008786 0.013229
0 0.318453 0.241263 0.012414 0.016167
0 0.146612 0.377148 0.008064 0.012195
0 0.346171 0.500022 0.008204 0.011078
0 0.532705 0.776434 0.008103 0.013426
0 0.530243 0.873354 0.017153 0.014937
0 0.125856 0.553437 0.008481 0.014798
0 0.163536 0.179564 0.008997 0.011047
0 0.734501 0.138423 0.010799 0.019611
0 0.145033 0.484699 0.019293 0.024220
0 0.037234 0.634260 0.012166 0.020037
0 0.770652 0.215458 0.013339 0.022375
0 0.792368 0.431302 0.018976 0.017952
0 0.541879 0.971942 0.015109 0.021171
0 0.301852 0.740728 0.008350 0.013196
0 0.415589 0.953047 0.010076 0.015756
0 0.546013 0.835420 0.009014 0.022021
0 0.167084 0.647998 0.008599 0.014199
0 0.267976 0.606107 0.007899 0.013607
0 0.015567 0.895356 0.009423 0.017944
0 0.773281 0.292292 0.023045 0.038952
0 0.268342 0.360979 0.011457 0.013934
0 0.349247 0.940832 0.008880 0.014639
0 0.188005 0.813301 0.010908 0.018770
0 0.230967 0.430256 0.008364 0.019007
0 0.694288 0.550167 0.009887 0.017684
0 0.469465 0.763362 0.010237 0.012760
0 0.296431 0.563901 0.013704 0.016871
0 0.984599 0.837089 0.017780 0.059501
0 0.409277 0.768966 0.010807 0.012030
0 0.080339 0.491145 0.011097 0.019168
0 0.582721 0.402805 0.009850 0.013390
0 0.485252 0.671994 0.011226 0.013005
0 0.461985 0.667067 0.011164 0.015565
0 0.042487 0.290642 0.014984 0.026563
0 0.391223 0.719205 0.011818 0.012572
0 0.388819 0.587557 0.011863 0.012134
0 0.361997 0.385868 0.018595 0.018360