0 0.646099 0.281481 0.021886 0.030360
0 0.508846 0.141878 0.034502 0.037237
0 0.581691 0.189683 0.020733 0.026455
0 0.505902 0.283221 0.022929 0.028803
0 0.595895 0.288461 0.018446 0.030815
0 0.088920 0.500579 0.018973 0.024260
0 0.177121 0.607378 0.018344 0.027703
0 0.890190 0.074360 0.018253 0.026427
0 0.604698 0.333933 0.020738 0.027787
0 0.044392 0.912758 0.015012 0.040749
0 0.225954 0.467132 0.018687 0.025045
0 0.072953 0.668365 0.019231 0.024244
0 0.831590 0.113609 0.019157 0.025842
0 0.198022 0.607796 0.016356 0.028066
0 0.765600 0.150928 0.019546 0.030575
0 0.621472 0.108557 0.021402 0.030437
0 0.427330 0.064654 0.019513 0.027634
0 0.773431 0.250688 0.018920 0.026897
0 0.223602 0.585168 0.021752 0.026712
0 0.320251 0.610304 0.015369 0.024637
0 0.351372 0.615002 0.016255 0.021373
0 0.317643 0.396159 0.023082 0.031859
0 0.434799 0.331223 0.029346 0.033636
0 0.224270 0.517649 0.022969 0.027143
0 0.244035 0.611251 0.025650 0.047659
0 0.249077 0.385026 0.023778 0.025785
0 0.269957 0.090246 0.032129 0.035666
0 0.279636 0.463494 0.021515 0.025781
0 0.223507 0.338391 0.029462 0.031245
0 0.332617 0.257746 0.036329 0.037748
0 0.565400 0.362946 0.029507 0.035233
0 0.354940 0.378964 0.032028 0.032989