0 0.912396 0.594926 0.010680 0.020941
0 0.841287 0.737206 0.013430 0.026715
0 0.551778 0.834666 0.009765 0.020226
0 0.566584 0.277353 0.010874 0.026853
0 0.715904 0.988940 0.011119 0.018562
0 0.288764 0.469307 0.011755 0.021588
0 0.121939 0.901126 0.016470 0.031522
0 0.393949 0.596931 0.010368 0.021220
0 0.467522 0.794770 0.011353 0.028608
0 0.545260 0.631412 0.012327 0.025444
0 0.841192 0.795998 0.009618 0.021674
0 0.291336 0.960002 0.010595 0.018289
0 0.290291 0.682791 0.010362 0.020472
0 0.604825 0.653449 0.011161 0.024084
0 0.944581 0.595136 0.010951 0.021959
0 0.486251 0.066046 0.012024 0.022687
0 0.515316 0.890575 0.010755 0.021257
0 0.527638 0.106041 0.019142 0.039060
0 0.164839 0.874774 0.010336 0.019904
0 0.418700 0.767347 0.013226 0.023592
0 0.222113 0.938665 0.013355 0.032716
0 0.701399 0.869966 0.015642 0.027299
0 0.711786 0.343238 0.015112 0.035253
0 0.971171 0.879776 0.011434 0.022709
0 0.402473 0.634485 0.012353 0.024793
0 0.714687 0.543419 0.011464 0.025658
0 0.584284 0.786042 0.010539 0.022174
0 0.329245 0.309629 0.010971 0.023561
0 0.471821 0.590846 0.011554 0.025028
0 0.376367 0.858962 0.011212 0.020523
0 0.097326 0.901801 0.011472 0.021108
0 0.419534 0.375833 0.011893 0.028195
0 0.265884 0.055350 0.011472 0.021803
0 0.539452 0.888479 0.011062 0.021115
0 0.288559 0.362798 0.011070 0.020973
0 0.524069 0.659507 0.011660 0.022111
0 0.977234 0.624642 0.015919 0.025277
0 0.689330 0.283989 0.011845 0.024233
0 0.420320 0.194178 0.029459 0.059802
0 0.961667 0.715706 0.012710 0.027239
0 0.411329 0.744742 0.014451 0.028229
0 0.328980 0.849692 0.011459 0.022798
0 0.015051 0.069344 0.019007 0.035611
0 0.266003 0.470938 0.010898 0.022166
0 0.252369 0.955687 0.012658 0.022146
0 0.129771 0.767921 0.012371 0.021387
0 0.288117 0.153605 0.012786 0.024725
0 0.938464 0.722105 0.013334 0.025419
0 0.739951 0.504949 0.013151 0.026719
0 0.286046 0.126898 0.012492 0.026998
0 0.033342 0.082640 0.024488 0.046117
0 0.833922 0.863283 0.012420 0.029757
0 0.307662 0.285468 0.013973 0.025170
0 0.654168 0.381711 0.012458 0.028601
0 0.343097 0.915091 0.012905 0.023752
0 0.695885 0.793702 0.012551 0.025543
0 0.375391 0.765337 0.018061 0.026779
0 0.294634 0.099363 0.012649 0.025995
0 0.174406 0.844845 0.012534 0.020982
0 0.290072 0.074437 0.012869 0.026042
0 0.445266 0.681686 0.014339 0.023617
0 0.403518 0.334516 0.013871 0.025621
0 0.099001 0.081490 0.020846 0.041325
0 0.253294 0.530944 0.012424 0.021105
0 0.536491 0.957255 0.013343 0.025842
0 0.206613 0.674419 0.011852 0.021733
0 0.285151 0.916045 0.015002 0.023275
0 0.360807 0.222418 0.013262 0.029174
0 0.449155 0.454972 0.014713 0.026228
0 0.281668 0.561952 0.015825 0.025549
0 0.211076 0.515912 0.011521 0.022071
0 0.315881 0.971653 0.017773 0.027081
0 0.175638 0.668344 0.013075 0.024624
0 0.317342 0.315254 0.015666 0.031188
0 0.270476 0.104231 0.014037 0.027663
0 0.268832 0.364382 0.013425 0.023323
0 0.176789 0.773457 0.014025 0.027650
0 0.230109 0.519096 0.016051 0.023494
0 0.401012 0.723020 0.020644 0.033861
0 0.068389 0.064039 0.016121 0.028273
0 0.426819 0.610103 0.014405 0.029303
0 0.143765 0.971109 0.016279 0.031388
0 0.204426 0.316636 0.016187 0.032491
0 0.062940 0.971026 0.015531 0.027271
0 0.067039 0.652282 0.016546 0.033637
0 0.110006 0.936590 0.016962 0.028040
0 0.073236 0.625186 0.016592 0.027357
0 0.229896 0.710818 0.017972 0.034323
0 0.300604 0.602495 0.021989 0.037288
0 0.335174 0.439318 0.016433 0.026873
0 0.049578 0.259555 0.021403 0.038109
0 0.157535 0.218438 0.022256 0.045443
0 0.175037 0.351619 0.017472 0.037651
0 0.117892 0.840708 0.018845 0.031525
0 0.164103 0.636784 0.020427 0.036825