0 0.352528 0.232413 0.031523 0.054927
0 0.731920 0.137991 0.020724 0.033863
0 0.363421 0.473893 0.027632 0.038971
0 0.135861 0.206468 0.025497 0.036085
0 0.360457 0.145816 0.026170 0.034022
0 0.565335 0.053567 0.044413 0.036637
0 0.200460 0.098587 0.136095 0.196241
0 0.555616 0.097131 0.018863 0.039354
0 0.238697 0.192941 0.061945 0.052182
0 0.473321 0.626290 0.033117 0.045665
0 0.511129 0.465801 0.029781 0.038827
0 0.410735 0.770762 0.028007 0.044776
0 0.434839 0.098842 0.023140 0.033508
0 0.065947 0.413459 0.037388 0.075124
0 0.461986 0.131906 0.024602 0.034646
0 0.533088 0.130030 0.021557 0.036251
0 0.406352 0.296742 0.028306 0.043407
0 0.376358 0.357935 0.030748 0.039506
0 0.322659 0.959556 0.037996 0.074289
0 0.279417 0.087470 0.039334 0.045830
0 0.593915 0.279855 0.036333 0.045711
0 0.612437 0.479178 0.045345 0.053075
0 0.447220 0.043942 0.033568 0.040172
0 0.327224 0.126465 0.044965 0.045345
0 0.469964 0.339082 0.068231 0.076218
0 0.650438 0.032333 0.044314 0.060002