0 0.087465 0.547526 0.008372 0.018034
0 0.072358 0.854323 0.011050 0.023462
0 0.177867 0.626029 0.007934 0.019623
0 0.571513 0.815835 0.009360 0.017419
0 0.623056 0.920401 0.011927 0.020478
0 0.078195 0.619157 0.008076 0.020340
0 0.283039 0.445390 0.009349 0.017223
0 0.732048 0.605074 0.011316 0.019582
0 0.593022 0.874359 0.012343 0.023304
0 0.334642 0.422225 0.014844 0.021991
0 0.602530 0.843214 0.010780 0.021041
0 0.156100 0.233604 0.011713 0.021828
0 0.221658 0.395703 0.015790 0.025439
0 0.550287 0.260287 0.013203 0.032567
0 0.023633 0.557068 0.009892 0.020957
0 0.345154 0.840696 0.008072 0.017827
0 0.634494 0.287818 0.019608 0.039783
0 0.072644 0.309292 0.009068 0.017017
0 0.375641 0.646796 0.009249 0.018885
0 0.182620 0.536431 0.009115 0.016704
0 0.322854 0.624170 0.017354 0.027154
0 0.301493 0.184240 0.013013 0.028283
0 0.439019 0.255253 0.010004 0.019835
0 0.181228 0.725862 0.008966 0.017951
0 0.188461 0.704607 0.009020 0.020277
0 0.004385 0.503891 0.008754 0.031210
0 0.653142 0.847188 0.009667 0.019439
0 0.349911 0.627666 0.009248 0.018126
0 0.317971 0.627376 0.008761 0.019942
0 0.548224 0.848366 0.010718 0.020227
0 0.449479 0.441260 0.009180 0.021856
0 0.295102 0.569423 0.010842 0.017609
0 0.091415 0.476560 0.009806 0.020478
0 0.300867 0.973676 0.014635 0.028367
0 0.655349 0.910519 0.009608 0.019061
0 0.411448 0.747614 0.009341 0.016815
0 0.210497 0.544187 0.008119 0.018291
0 0.015990 0.386634 0.007812 0.018623
0 0.488954 0.019047 0.015610 0.031465
0 0.261983 0.814824 0.012748 0.019920
0 0.118064 0.457352 0.008059 0.017729
0 0.529859 0.409496 0.014314 0.029104
0 0.488195 0.108379 0.017372 0.037900
0 0.367795 0.481451 0.009596 0.018360
0 0.157751 0.038677 0.016087 0.030505
0 0.319979 0.574218 0.009850 0.019763
0 0.100681 0.444893 0.013764 0.026114
0 0.322842 0.820877 0.007673 0.020081
0 0.258897 0.354246 0.010006 0.022610
0 0.557188 0.520684 0.010417 0.020670
0 0.261801 0.832522 0.011794 0.020021
0 0.286155 0.696996 0.009607 0.021342
0 0.331141 0.829565 0.009360 0.019412
0 0.239324 0.492361 0.011187 0.018198
0 0.187855 0.634224 0.010393 0.017081
0 0.019204 0.412638 0.008758 0.018959
0 0.226731 0.518920 0.010132 0.019597
0 0.418956 0.906451 0.012371 0.022036
0 0.404020 0.719827 0.010981 0.020747
0 0.054824 0.337842 0.009543 0.018494
0 0.595586 0.424465 0.020553 0.043745
0 0.255662 0.171008 0.020245 0.043416
0 0.230279 0.647191 0.010150 0.019063
0 0.247775 0.697301 0.008686 0.019329
0 0.379778 0.906788 0.011268 0.020513
0 0.068349 0.472897 0.010279 0.021523
0 0.255157 0.731953 0.011484 0.022490
0 0.166483 0.821648 0.010556 0.022367
0 0.223629 0.907721 0.010625 0.021934
0 0.110403 0.740825 0.012195 0.020810
0 0.133216 0.670054 0.013265 0.022597
0 0.212960 0.776880 0.013132 0.020707
0 0.102114 0.501538 0.012016 0.026001