0 0.251828 0.193800 0.009873 0.021570
0 0.218019 0.217844 0.010424 0.021827
0 0.524607 0.166468 0.010717 0.023138
0 0.613402 0.350920 0.012740 0.026376
0 0.200025 0.155548 0.011952 0.027733
0 0.926647 0.984260 0.010508 0.020169
0 0.278461 0.031617 0.010634 0.020996
0 0.807789 0.395646 0.012883 0.029058
0 0.337799 0.662721 0.010721 0.022304
0 0.633438 0.643792 0.010852 0.026089
0 0.870365 0.484946 0.012476 0.027630
0 0.162969 0.669899 0.022369 0.034792
0 0.969227 0.886706 0.009726 0.021901
0 0.957455 0.811767 0.009385 0.019617
0 0.900105 0.971567 0.008767 0.017494
0 0.975027 0.105309 0.011052 0.024809
0 0.820216 0.863370 0.009700 0.022820
0 0.830664 0.343262 0.015961 0.031076
0 0.888942 0.939406 0.010935 0.019545
0 0.448876 0.543951 0.008470 0.017981
0 0.829930 0.551507 0.014019 0.029589
0 0.752925 0.465075 0.012370 0.025534
0 0.723296 0.583515 0.011389 0.021474
0 0.208921 0.580601 0.016483 0.033648
0 0.688015 0.565176 0.011468 0.023215
0 0.600971 0.450234 0.012633 0.027970
0 0.571319 0.452750 0.012570 0.026847
0 0.883638 0.775570 0.010453 0.022472
0 0.747765 0.290835 0.021353 0.035359
0 0.549705 0.466962 0.014933 0.032429
0 0.779340 0.808737 0.014143 0.028946