0 0.379216 0.886680 0.012010 0.025390
0 0.610569 0.575278 0.014680 0.034812
0 0.871727 0.878701 0.013050 0.032555
0 0.718189 0.571469 0.014615 0.027114
0 0.352674 0.178237 0.017619 0.029156
0 0.709486 0.728370 0.013645 0.034191
0 0.393917 0.920628 0.014453 0.028200
0 0.339515 0.161388 0.013313 0.025090
0 0.596027 0.338112 0.017262 0.036926
0 0.884744 0.680806 0.010938 0.036341
0 0.312770 0.288637 0.013645 0.030527
0 0.450098 0.238735 0.014357 0.036440
0 0.538648 0.525764 0.013408 0.030744
0 0.568446 0.284676 0.018003 0.036119
0 0.240344 0.825028 0.014772 0.028209
0 0.245477 0.247097 0.016184 0.028090
0 0.522362 0.504839 0.014488 0.029645
0 0.163853 0.512594 0.022737 0.043760
0 0.401085 0.013755 0.018104 0.027236
0 0.506968 0.406446 0.025348 0.042671
0 0.278604 0.644763 0.013732 0.028932
0 0.167472 0.186302 0.014776 0.028685
0 0.228675 0.286434 0.017945 0.036477
0 0.314478 0.506392 0.013503 0.032223
0 0.466606 0.362964 0.021370 0.036076
0 0.417358 0.352276 0.016588 0.034655
0 0.426891 0.273448 0.017974 0.037806
0 0.189650 0.944896 0.022083 0.029945
0 0.274611 0.142540 0.019292 0.045036
0 0.541591 0.337556 0.020445 0.037355
0 0.226125 0.060968 0.032036 0.048833
0 0.502891 0.250226 0.022730 0.036624
0 0.156098 0.015982 0.027344 0.031853
0 0.239355 0.187907 0.023005 0.034347
0 0.296956 0.106006 0.023034 0.035268
0 0.267500 0.374027 0.017745 0.036853
0 0.413507 0.156221 0.025484 0.060453