0 0.853173 0.241995 0.012013 0.025559
0 0.170841 0.107641 0.017845 0.045140
0 0.224646 0.378556 0.010317 0.020222
0 0.344437 0.144227 0.014080 0.036720
0 0.146864 0.465387 0.011049 0.023493
0 0.344167 0.524790 0.010002 0.019667
0 0.155083 0.426125 0.012843 0.026815
0 0.097197 0.696653 0.009694 0.018838
0 0.696506 0.512188 0.014010 0.023088
0 0.087148 0.579595 0.011273 0.021720
0 0.763167 0.062680 0.008570 0.019471
0 0.828417 0.300070 0.010579 0.021108
0 0.908504 0.233089 0.010931 0.024041
0 0.108338 0.307547 0.010781 0.022475
0 0.523511 0.399178 0.011614 0.020828
0 0.613576 0.022868 0.016847 0.031253
0 0.881483 0.231872 0.009065 0.018734
0 0.593708 0.869287 0.012195 0.024630
0 0.521571 0.536854 0.010670 0.020991
0 0.059522 0.112754 0.010009 0.020746
0 0.141096 0.018189 0.018275 0.036379
0 0.668761 0.184044 0.011472 0.025222
0 0.935259 0.012165 0.013259 0.018269
0 0.418484 0.849871 0.014579 0.032879
0 0.939826 0.841049 0.015047 0.030237
0 0.326238 0.207872 0.013796 0.026100
0 0.802005 0.637318 0.010856 0.019847
0 0.111218 0.464362 0.011474 0.019587
0 0.535425 0.180248 0.009987 0.020256
0 0.403692 0.528413 0.009927 0.018981
0 0.609978 0.191796 0.010771 0.017403
0 0.545854 0.220894 0.015127 0.031163
0 0.442923 0.103051 0.011658 0.023090
0 0.410703 0.631684 0.012067 0.025399
0 0.440257 0.064264 0.013070 0.022517
0 0.804169 0.230421 0.011948 0.023043
0 0.880152 0.434114 0.011021 0.024183
0 0.086719 0.323629 0.011856 0.024266
0 0.098014 0.904696 0.011439 0.022839
0 0.042208 0.046941 0.011285 0.022918
0 0.819273 0.064312 0.010031 0.021832
0 0.062643 0.457548 0.011689 0.026820
0 0.880131 0.064542 0.010105 0.020715
0 0.784063 0.314710 0.012084 0.025118
0 0.640370 0.699298 0.009757 0.018277
0 0.009846 0.057506 0.015786 0.033594
0 0.403357 0.080040 0.015545 0.030240
0 0.537915 0.860172 0.029275 0.064637
0 0.591747 0.180929 0.013359 0.018467
0 0.704959 0.607432 0.012856 0.020312
0 0.512529 0.263796 0.013060 0.021557
0 0.771152 0.127240 0.011600 0.023860
0 0.967541 0.255823 0.017167 0.034444