0 0.552751 0.638813 0.009821 0.022909
0 0.953021 0.763296 0.014029 0.031873
0 0.357895 0.551666 0.014316 0.045185
0 0.309254 0.741601 0.012533 0.021956
0 0.963970 0.056728 0.008450 0.020823
0 0.249882 0.510286 0.010453 0.021556
0 0.991781 0.867422 0.015736 0.030250
0 0.534789 0.746797 0.011249 0.023729
0 0.400319 0.239370 0.009145 0.021811
0 0.166133 0.283707 0.008782 0.018766
0 0.968313 0.515244 0.013056 0.033452
0 0.157844 0.316368 0.009869 0.020438
0 0.825740 0.233481 0.017773 0.039967
0 0.673104 0.574482 0.012544 0.030246
0 0.861240 0.846731 0.011591 0.024973
0 0.910590 0.565035 0.017129 0.040674
0 0.289812 0.590717 0.011966 0.026214
0 0.669714 0.632560 0.014022 0.031526
0 0.315851 0.298040 0.011417 0.026162
0 0.476883 0.517809 0.016012 0.036302