0 0.106607 0.226327 0.009703 0.017406
0 0.931971 0.169066 0.010107 0.020050
0 0.213904 0.676045 0.007565 0.016568
0 0.108185 0.778550 0.008037 0.016842
0 0.977412 0.588689 0.010136 0.022827
0 0.568552 0.255012 0.008908 0.018136
0 0.837092 0.075111 0.008399 0.015824
0 0.963750 0.174941 0.008841 0.016537
0 0.191691 0.550634 0.006791 0.013114
0 0.933384 0.047366 0.012052 0.013544
0 0.170023 0.487363 0.010605 0.017868
0 0.528849 0.227653 0.009541 0.017355
0 0.034361 0.919879 0.014071 0.018874
0 0.023604 0.030663 0.010845 0.014876
0 0.373137 0.544058 0.006411 0.015060
0 0.550999 0.049596 0.008975 0.014890
0 0.884849 0.029023 0.009840 0.014950
0 0.018733 0.493457 0.011059 0.024476
0 0.153357 0.493537 0.008886 0.014080
0 0.834087 0.345082 0.006991 0.013183
0 0.923460 0.601427 0.007591 0.012132
0 0.847264 0.903787 0.009901 0.023640
0 0.021335 0.246288 0.013211 0.020657
0 0.060068 0.555548 0.011204 0.017645
0 0.949046 0.754522 0.008420 0.017579
0 0.223926 0.471015 0.009222 0.015481
0 0.893288 0.100931 0.008291 0.016477
0 0.971438 0.293589 0.014152 0.020583
0 0.197371 0.523736 0.008720 0.014414
0 0.157027 0.012168 0.013064 0.014722
0 0.576724 0.909337 0.010454 0.018668
0 0.015104 0.103350 0.013236 0.019842
0 0.115187 0.599519 0.012437 0.016680
0 0.051873 0.160789 0.014069 0.023668
0 0.018650 0.740336 0.011443 0.021767
0 0.553856 0.875587 0.009439 0.022291
0 0.632029 0.094819 0.010147 0.019858