0 0.806229 0.211451 0.010403 0.019351
0 0.143574 0.425370 0.009228 0.018758
0 0.885702 0.629568 0.010005 0.016680
0 0.425867 0.943789 0.008966 0.018095
0 0.379814 0.431576 0.010814 0.022789
0 0.404116 0.736777 0.010114 0.019972
0 0.164777 0.146612 0.010458 0.019234
0 0.702053 0.047122 0.009772 0.020945
0 0.698625 0.580638 0.011397 0.020904
0 0.225432 0.343567 0.009628 0.021200
0 0.944375 0.481673 0.009336 0.018617
0 0.190837 0.656607 0.009798 0.016803
0 0.788717 0.943698 0.009667 0.018199
0 0.112107 0.131556 0.008961 0.017476
0 0.583244 0.412865 0.009918 0.018927
0 0.602225 0.080107 0.018327 0.026013
0 0.253105 0.413019 0.016911 0.029158
0 0.461042 0.688023 0.010579 0.018975
0 0.093237 0.779565 0.010136 0.020146
0 0.865144 0.908061 0.012839 0.025734
0 0.265665 0.963177 0.011395 0.023119
0 0.451349 0.234944 0.011670 0.024921
0 0.445519 0.008015 0.012911 0.016029
0 0.945465 0.058106 0.010991 0.022234
0 0.035907 0.759517 0.011977 0.023789
0 0.125953 0.913714 0.009381 0.018195
0 0.192140 0.717253 0.010428 0.020178
0 0.801006 0.986720 0.010065 0.022426
0 0.256422 0.837649 0.009993 0.020404
0 0.879980 0.113566 0.011519 0.022873
0 0.325324 0.774041 0.009854 0.018723
0 0.574137 0.655057 0.009570 0.020165
0 0.433877 0.296658 0.008947 0.016975
0 0.283555 0.315754 0.009062 0.016865
0 0.930738 0.274443 0.011803 0.024130
0 0.914603 0.684653 0.012760 0.025520
0 0.655482 0.659037 0.009690 0.019712
0 0.539209 0.328307 0.010677 0.022104
0 0.838749 0.064673 0.014043 0.028418
0 0.939403 0.952351 0.017295 0.036921
0 0.215668 0.069819 0.010909 0.022051
0 0.047644 0.856170 0.012886 0.024172
0 0.096590 0.034283 0.010674 0.022213
0 0.399668 0.324854 0.011082 0.018580
0 0.241209 0.275492 0.010949 0.021325
0 0.071016 0.765677 0.014996 0.030701
0 0.694599 0.762254 0.011959 0.024778
0 0.073057 0.506596 0.014755 0.024801
0 0.540200 0.181338 0.017208 0.033138
0 0.408264 0.304624 0.011749 0.019657
0 0.605017 0.775930 0.011405 0.022742
0 0.325970 0.242589 0.011998 0.024004
0 0.740375 0.073977 0.015120 0.030424
0 0.757460 0.606084 0.012753 0.025074
0 0.206206 0.210661 0.013577 0.026272
0 0.437025 0.058386 0.015546 0.028667
0 0.382001 0.847665 0.026768 0.054275