0 0.487799 0.589099 0.013032 0.032331
0 0.981615 0.592889 0.014648 0.030548
0 0.989227 0.863596 0.019975 0.045734
0 0.887998 0.432342 0.011212 0.024783
0 0.834690 0.320151 0.026369 0.049365
0 0.229490 0.455778 0.021505 0.040137
0 0.113584 0.934684 0.012894 0.030879
0 0.500500 0.019900 0.014941 0.032427
0 0.330058 0.680553 0.012633 0.024937
0 0.597150 0.082306 0.011155 0.025748
0 0.479065 0.234869 0.011118 0.022576
0 0.209432 0.849552 0.012809 0.025212
0 0.297707 0.845783 0.011116 0.025883
0 0.433512 0.122634 0.017749 0.038860
0 0.459857 0.706452 0.011296 0.024550
0 0.496018 0.967397 0.009881 0.019453
0 0.963668 0.739568 0.011425 0.021863
0 0.694306 0.226155 0.014207 0.029177
0 0.022182 0.109236 0.013113 0.025459
0 0.084759 0.125788 0.015196 0.024454
0 0.220458 0.035223 0.014376 0.026924
0 0.154507 0.477080 0.012062 0.025379
0 0.120260 0.617979 0.013273 0.035369
0 0.376047 0.028349 0.021668 0.047178
0 0.052487 0.801316 0.015507 0.031497
0 0.124267 0.466119 0.013354 0.033488
0 0.203037 0.502053 0.019121 0.036074
0 0.168811 0.108820 0.016715 0.031559
0 0.791471 0.914554 0.018064 0.033740
0 0.345502 0.749101 0.018568 0.048694
0 0.573228 0.488036 0.017086 0.036251
0 0.397073 0.435160 0.016406 0.034313