0 0.352827 0.181613 0.014215 0.030458
0 0.592361 0.007795 0.012759 0.015589
0 0.492458 0.786093 0.014420 0.027717
0 0.484617 0.674365 0.013175 0.021815
0 0.361645 0.889564 0.013948 0.027319
0 0.488907 0.698268 0.014972 0.027788
0 0.370385 0.166192 0.013848 0.026204
0 0.759668 0.991237 0.013016 0.016159
0 0.869958 0.801358 0.024243 0.031254
0 0.725470 0.986893 0.016491 0.024794
0 0.184751 0.231090 0.019805 0.041735
0 0.815645 0.956585 0.018993 0.034855
0 0.534695 0.563818 0.014249 0.028868
0 0.564019 0.013984 0.012420 0.027826
0 0.326740 0.154365 0.016247 0.036954
0 0.885737 0.102123 0.024866 0.057619
0 0.614545 0.510086 0.016682 0.029839
0 0.294961 0.519676 0.021789 0.036476
0 0.683721 0.723129 0.021721 0.047479
0 0.908420 0.821780 0.023992 0.034732
0 0.606842 0.339078 0.021532 0.037444
0 0.640410 0.657008 0.016695 0.031098
0 0.679790 0.671445 0.025187 0.048920
0 0.885090 0.669369 0.024911 0.050064
0 0.841213 0.717255 0.017714 0.039124
0 0.757855 0.633559 0.022372 0.047665
0 0.864632 0.761727 0.023743 0.037010
0 0.684228 0.571512 0.022198 0.047799