0 0.660129 0.815746 0.015425 0.043499
0 0.334938 0.588394 0.022587 0.052438
0 0.376160 0.802384 0.015331 0.040297
0 0.059839 0.067305 0.013741 0.030326
0 0.831199 0.105052 0.020382 0.040477
0 0.129636 0.776448 0.010435 0.021998
0 0.801475 0.167615 0.014930 0.032667
0 0.493327 0.351428 0.015216 0.034235
0 0.492793 0.539274 0.013608 0.027342
0 0.178388 0.763169 0.013216 0.024008
0 0.500101 0.931570 0.028870 0.056173
0 0.083771 0.518391 0.012793 0.028274
0 0.127282 0.109110 0.016631 0.040177
0 0.274598 0.905899 0.014269 0.028610
0 0.621285 0.860088 0.029021 0.055831
0 0.505365 0.771665 0.029111 0.070516
0 0.694666 0.640718 0.028135 0.060281
0 0.044055 0.269306 0.022163 0.046446
0 0.358186 0.178096 0.020940 0.043136