0 0.119934 0.131845 0.007858 0.021119
0 0.222524 0.891359 0.011023 0.024414
0 0.020636 0.720143 0.011607 0.022636
0 0.019309 0.831230 0.012141 0.025949
0 0.166697 0.253004 0.010384 0.023194
0 0.136964 0.328852 0.010021 0.024217
0 0.107863 0.798657 0.017143 0.035397
0 0.345822 0.916743 0.029542 0.057180
0 0.089696 0.852181 0.011731 0.025483
0 0.136675 0.856103 0.015566 0.032131
0 0.157394 0.147292 0.010684 0.020848
0 0.040076 0.890534 0.015046 0.031242
0 0.140037 0.941793 0.011323 0.022392
0 0.287876 0.063604 0.009245 0.024888
0 0.027822 0.609399 0.016790 0.036511
0 0.521368 0.954022 0.014756 0.036677
0 0.098709 0.513387 0.012389 0.022931
0 0.349724 0.880092 0.012046 0.027660
0 0.340586 0.450063 0.012141 0.032253