0 0.944183 0.638804 0.008115 0.018924
0 0.495687 0.728334 0.009152 0.019029
0 0.948729 0.684040 0.011324 0.020737
0 0.847941 0.523873 0.008185 0.027056
0 0.818101 0.182104 0.014262 0.041056
0 0.910584 0.299958 0.009436 0.024619
0 0.092815 0.741048 0.008285 0.018302
0 0.834717 0.763344 0.010949 0.029133
0 0.940843 0.207375 0.014390 0.031748
0 0.638085 0.790936 0.010110 0.021245
0 0.382137 0.516734 0.013005 0.029256
0 0.991589 0.424650 0.015347 0.050925
0 0.893295 0.221955 0.018626 0.030391
0 0.811029 0.352966 0.012578 0.026041
0 0.808218 0.288746 0.014483 0.026135